Table 26.	
NONIMMIGRANT ADMISSIONS (I-94 ONLY) BY REGION AND COUNTRY OF CITIZENSHIP: FISCAL YEARS 2008 TO 2017	

Region and country of citizenship	2008	2009	20101	2011	2012	2013	2014	2015	20162	2017	
REGION	
Total	39381928	36231554	46471569	53082286	53887286	61052260	74930606	76638236	77112073	77643267	
Africa	474160	452693	485110	508489	573184	645919	757181	792026	816541	809114	
Asia	8795236	7820986	9404375	10027386	11062760	12230911	13307053	14025173	14751353	15154164	
Europe	15931641	14559083	14692093	15481558	15710015	16167460	17376449	17340542	17742391	17889171	
North America	9832557	8963282	16449861	20940354	19996738	24561055	35589531	36312759	35693733	35375881	
Oceania	1127444	1065909	1290993	1513963	1618337	1770569	1822066	1859507	1906888	1970630	
South America	3039883	3075013	3587883	4126385	4651162	5511558	6052610	6256760	6039711	6349041	
Unknown	181007	294588	561254	484151	275090	164788	25716	51469	161456	95266	
COUNTRY	
Total	39381928	36231554	46471569	53082286	53887286	61052260	74930606	76638236	77112073	77643267	
Afghanistan	2323	2616	2589	2856	2772	2837	4150	4334	4519	3581	
Albania	9939	8768	8921	8065	7942	7889	8746	9992	12883	17056	
Algeria	6215	6491	6319	7545	8402	9558	12465	13623	14427	15242	
Andorra	1295	977	1152	1217	1176	1271	1611	1344	1638	1720	
Angola	6509	7147	7557	8293	10592	12617	14715	13787	10281	9603	
Antigua and Barbuda	22649	18743	18563	17076	16958	15151	14834	15022	17540	15893	
Argentina	383803	395781	482637	566010	646929	744864	768469	806698	986574	1129997	
Armenia	5694	5412	5282	4910	6135	7431	8232	8654	10701	13774	
Australia3	867121	834000	1037672	1246091	1331669	1453814	1480176	1499354	1529052	1576901	
Austria	201070	201339	209633	219476	232276	237429	247122	235601	240182	237611	
Azerbaijan	4591	4938	5596	5623	6464	7162	7347	8419	8577	9104	
Bahamas	332571	282172	276899	254335	251759	244650	240451	249276	276734	304752	
Bahrain	5287	4500	5549	5560	6181	7341	8849	9313	9663	8767	
Bangladesh	13758	15368	18034	19348	22629	30314	43560	43938	44211	40120	
Barbados	65434	57993	62971	60445	59032	58558	61052	62214	68630	69318	
Belarus	10719	10214	12287	12141	13715	14211	16166	17486	21673	22589	
Belgium	306492	281736	293762	306730	310111	315611	334279	327654	319549	325897	
Belize	26747	25867	25081	23273	24184	25327	26577	28160	31564	31340	
Benin	2910	2585	2804	2887	3056	2821	3266	3473	3420	3330	
Bhutan	801	578	660	613	662	633	1034	1215	1069	1156	
Bolivia	41622	40408	44761	43893	44658	50838	55100	65089	74813	76933	
Bosnia and Herzegovina	7190	6170	5838	6492	6843	7465	9380	9699	10355	11020	
Botswana	2564	2349	2386	2587	2580	2381	2623	2914	2904	3105	
Brazil	893186	959448	1233457	1539015	1792425	2143154	2390245	2505525	1991441	2147412	
Brunei	1216	1110	1217	1448	1747	2022	2106	1880	1675	1479	
Bulgaria	41793	35871	35456	38974	39100	40029	43059	43247	44935	43815	
Burkina Faso	2767	2862	3004	3051	3682	3928	5267	6432	7473	6002	
Burma	2515	2937	3383	3632	3983	4967	6554	7583	9541	11502	
Burundi	1052	960	1182	1230	1424	1740	1732	1772	1678	2106	
Cabo Verde	2966	2918	2727	1943	1520	3140	4544	4451	5636	5317	
Cambodia	3953	3652	3660	3352	3628	4898	4752	3756	5710	5947	
Cameroon	9517	9329	9832	9423	9495	9639	11673	13070	15009	15676	
Canada4	285359	291642	1428931	1868179	1466120	4445881	13254972	13408292	13019782	13028998	
Central African Republic	299	253	282	213	202	189	374	342	355	385	
Chad	522	541	441	456	436	550	1190	1176	1142	1195	
Chile	169166	152676	174645	203206	209144	245792	279754	354366	403463	423098	
China, People's Republic5	753037	729931	1038271	1364078	1756747	2098801	2555896	2935175	3280179	3383133	
Colombia	527451	511071	592362	613354	669392	830891	985073	990683	953931	994978	
Comoros	106	92	90	114	123	158	247	197	187	206	
Congo, Democratic Republic	1269	1401	1506	1276	1430	3861	6973	7321	8402	8343	
Congo, Republic	2950	2724	2806	3509	4198	2859	2324	1969	1813	1785	
Costa Rica	195459	176284	189999	192350	197136	207840	228996	241739	306551	319831	
Cote d'Ivoire	3837	4216	3671	2183	2661	5219	7742	8276	9367	9223	
Croatia	27772	26461	26056	26761	26452	26905	29808	32189	34022	35078	
Cuba	15130	17047	23745	18593	21197	34615	43737	52215	52784	72363	
Cyprus	11003	9935	10294	10355	9789	8699	10582	10282	11491	12465	
Czechia	59805	77395	76951	90654	95229	100056	115080	116177	122423	136282	
Denmark6	310371	298098	309372	323255	327854	324608	351910	364769	365671	377327	
Djibouti	283	437	443	463	416	338	608	546	875	1486	
Dominica	5821	5855	6718	5496	5528	6783	7060	7087	7313	6696	
Dominican Republic	276511	250368	272896	266330	276562	280563	304683	338009	397784	458203	
Ecuador	174104	177441	205174	228159	230644	268332	337494	384373	433038	445969	
Egypt	47706	49838	57442	61716	84287	89578	99716	104049	111226	96715	
El Salvador	164984	141428	132336	119465	114001	119572	138329	173145	214681	209730	
Equatorial Guinea	379	562	523	598	641	1197	2057	1687	1620	1617	
Eritrea	841	854	901	873	854	1528	2583	3094	3681	3755	
Estonia	13179	20437	14195	15950	18868	20942	24733	24103	27323	28544	
Ethiopia	12468	12116	12321	13183	15336	16884	18276	18967	23881	25110	
Fiji	10261	8602	10948	13136	13084	13996	14977	13442	13043	12343	
Finland	140266	144335	138310	147834	154994	161020	173365	171655	178710	175076	
France7	1711342	1683372	1696767	1845227	1913551	1959424	2115351	2075668	2068940	2099450	
Gabon	2099	2170	2452	2706	2546	2792	2971	3079	3111	2862	
Gambia	2014	2394	2966	2999	2468	2551	2695	2310	2230	2108	
Georgia	5341	5196	5728	5694	6128	6628	9102	11110	9617	5617	
Germany	2119640	2023971	2076215	2182441	2308207	2359681	2448591	2381765	2367813	2409465	
Ghana	27125	23943	24926	25760	27405	27822	29460	27965	28995	28824	
Greece	82518	75426	79719	84380	79010	81400	89425	88012	96967	101625	
Grenada	11773	11069	11487	11289	11163	10674	10872	12484	12824	13012	
Guatemala	224030	204994	213056	208885	216670	224006	252586	256875	290019	302128	
Guinea	4324	3382	2870	2740	2780	2777	3250	3223	3791	3939	
Guinea-Bissau	241	316	165	102	64	126	285	295	252	328	
Guyana	24862	25985	28146	28995	34970	39412	43549	56719	71203	73818	
Haiti	115591	103601	106066	99161	98865	108382	124841	136804	161877	154981	
Holy See	122	127	125	123	118	130	136	144	128	162	
Honduras	139103	137923	131782	141685	152168	157751	176636	183851	220021	231029	
Hungary	53664	60937	66516	73475	75947	81213	91102	92587	99880	108588	
Iceland	57247	35330	41990	57872	56114	55202	56250	56149	60879	70124	
India	1100401	974306	1140913	1222302	1296276	1491712	1720729	1898327	1988420	2055480	
Indonesia	87917	80049	89262	101894	111496	123583	133013	137940	134536	144790	
Iran	11479	15084	18375	21027	24290	26144	33303	35266	31805	21892	
Iraq	3351	3999	6161	7868	12215	17077	23858	21381	21116	19123	
Ireland	669638	561051	486354	471174	452312	487428	518282	524500	543054	575551	
Israel	388787	363209	363907	356956	366779	381206	400169	458225	465738	481255	
Italy	1086722	1036940	1111972	1201510	1192251	1205816	1366572	1319429	1357516	1384255	
Jamaica	281353	252663	240304	219140	223785	233430	265740	304611	351792	352461	
Japan	3906231	3368590	3831173	3777643	4141299	4298081	4199152	4021857	3987687	3975012	
Jordan	27950	27848	30200	31982	35620	38867	44886	53559	54551	52240	
Kazakhstan	16515	13756	16826	20027	21249	22422	26066	29519	27057	31769	
Kenya	23186	21443	21183	19516	20331	22105	27425	29008	31400	35876	
Kiribati	798	1164	995	989	694	654	762	953	944	1007	
Korea, North	D	34	130	232	24	59	84	99	120	69	
Korea, South	1007466	906006	1332352	1460972	1527085	1656795	1780662	1946887	2197905	2510988	
Kosovo	NA	NA	NA	NA	NA	NA	5204	5663	5595	5403	
Kuwait	22305	25246	29500	35568	40912	48784	64754	73943	77167	61578	
Kyrgyzstan	2898	2783	3383	3992	3740	4584	4128	3609	3482	1943	
Laos	2619	1861	1514	1115	1315	2556	2578	2294	2138	2760	
Latvia	14533	15892	16177	18453	20748	22330	23871	23963	24768	27205	
Lebanon	28669	26894	30733	32915	36527	42775	50632	51894	51830	48860	
Lesotho	425	434	509	571	532	524	639	593	716	680	
Liberia	1948	1681	2075	2583	3290	4152	5152	5360	4559	4580	
Libya	4313	3711	4956	2462	2933	4016	4120	2879	2138	1481	
Liechtenstein	1701	1786	1913	2297	2255	2234	2330	2350	2254	2183	
Lithuania	15991	20188	21595	23809	27337	27854	31612	32932	33528	28461	
Luxembourg	12918	12878	14349	14926	15519	15785	16260	15748	15519	14395	
Macedonia	7964	7618	8441	9419	9520	9436	9855	10321	10818	11979	
Madagascar	1267	1084	1189	1117	1145	1265	1699	1750	1993	1975	
Malawi	2054	1850	2001	2070	2280	2359	2547	3219	3198	3356	
Malaysia	85631	66410	80549	91502	97410	102605	108926	105570	102778	101047	
Maldives	403	343	368	410	368	420	559	564	453	659	
Mali	4549	4464	4405	4121	3370	3806	4331	4219	4664	4653	
Malta	5556	5258	5835	6053	6301	6379	6751	6434	6936	7319	
Marshall Islands	207	238	179	174	148	176	261	200	180	201	
Mauritania	1125	955	1130	988	1086	1303	1953	2083	1922	1403	
Mauritius	3491	3411	4455	4746	5632	5892	7095	6825	6967	7026	
Mexico	7273511	6601059	12917745	17052559	16462118	17980784	20002936	20378001	19767022	19326562	
Micronesia, Federated States	201	196	189	181	258	209	130	159	175	181	
Moldova	11402	8369	10596	10669	11293	12604	12939	12600	12954	11561	
Monaco	1225	1303	1274	1099	1270	1194	1210	1311	1373	1249	
Mongolia	6739	7901	9885	10648	10399	11819	14013	14808	15447	15380	
Morocco8	21029	21991	24686	25999	27765	30618	34910	37058	38333	36968	
Mozambique	1260	1288	1343	1497	1764	2278	2729	2807	2728	2546	
Namibia	1568	1613	1714	2002	2249	2165	2447	2565	2524	2739	
Nauru	100	76	102	128	120	85	110	115	187	128	
Nepal	20924	18003	18537	18937	18475	19419	23387	30019	36526	39062	
Netherlands9	836900	760738	764482	784441	785029	781198	814560	801610	820312	853332	
New Zealand10	241458	215037	233987	246787	266494	295210	318692	336645	353615	371173	
Nicaragua	57497	53426	52925	53023	56380	59296	65866	69935	79704	77049	
Niger	1243	1380	1244	1209	1312	1583	1566	1759	1953	2054	
Nigeria	88732	88473	97402	104483	121177	157509	197750	214519	216111	215801	
Norway	244827	228229	251321	282734	300258	320842	345156	336555	303526	319594	
Oman	2806	2978	3257	3457	5729	7794	10717	11419	11430	10331	
Pakistan	57922	56672	63182	61957	69222	78246	102953	119644	137567	124800	
Palau	202	210	311	205	282	136	90	160	137	91	
Panama	111354	112596	124113	125162	132615	143365	153115	162027	173906	162076	
Papua New Guinea	878	862	1091	1100	1020	1301	1438	1939	1507	1122	
Paraguay	15833	15290	17501	19356	20825	27498	31410	32942	33663	32283	
Peru	227158	221301	223750	223732	231103	261827	292752	320007	344978	342442	
Philippines	334894	311907	326216	319609	327757	358961	404566	420917	451332	485524	
Poland	186888	157116	152951	154423	149046	168854	207179	217453	230781	242920	
Portugal	143053	128463	148962	161699	164200	174757	194054	190056	193066	204627	
Qatar	4900	5451	7592	9966	12210	15894	18740	20194	19961	16352	
Romania	76799	64118	69401	74763	76255	82238	94041	96349	103562	108786	
Russia	206629	197173	229725	269566	299911	364116	413011	323435	317538	344368	
Rwanda	2840	2772	3132	3489	4168	4074	5039	5065	6174	5883	
Saint Kitts and Nevis	15761	13243	13450	12584	11734	11559	12449	12950	13011	13101	
Saint Lucia	19458	17573	20100	18237	16767	15959	16922	17859	19565	18635	
Saint Vincent and the Grenadines	14545	14076	14271	13469	12745	12204	12371	12562	12639	12368	
Samoa	2305	2251	2425	1965	1812	2021	2137	2413	2576	2459	
San Marino	774	677	797	924	765	745	787	912	768	751	
Sao Tome and Principe	78	78	63	66	45	77	120	106	89	99	
Saudi Arabia	46853	61530	91934	138055	193462	232782	291715	306182	264698	190983	
Senegal	9437	9582	10005	10137	9824	10518	11390	10796	11320	11287	
Serbia and Montenegro (former)	3737	1787	1151	663	173	3376	7336	40528	41320	35279	
Seychelles	363	277	340	333	365	429	480	508	529	465	
Sierra Leone	2892	2711	2900	3052	3059	3188	3547	3288	3303	3878	
Singapore	132889	103762	126095	149258	161576	162922	168686	163668	160186	161433	
Slovakia	28702	36341	39776	45930	46597	49173	54303	55113	58577	61425	
Slovenia	24812	24437	23539	24108	24803	22977	26152	27977	28326	29360	
Solomon Islands	333	292	378	440	344	411	342	307	506	335	
Somalia	248	243	279	182	252	215	343	359	441	321	
South Africa	123725	107238	111173	120383	127973	135400	148243	153290	150967	155696	
South Sudan	X	X	X	NA	NA	NA	528	541	487	495	
Spain	830812	763335	823199	891635	882313	934322	1044430	1052251	1116186	1143548	
Sri Lanka	19156	16865	18431	20411	21072	23015	26816	27954	29591	31478	
Sudan	2319	2584	2840	3585	3663	3196	4474	4792	6409	4425	
Suriname	6926	7851	8535	9057	10642	12618	13316	14971	13259	13624	
Swaziland	556	649	678	593	664	863	1129	1145	1080	562	
Sweden	470303	414126	426253	509356	520762	551820	614592	623935	622710	607993	
Switzerland	339106	340943	377973	456226	484359	472914	494892	484475	478886	459938	
Syria	7441	7575	8904	9484	10934	15004	17187	16010	13575	9954	
Taiwan	332764	272105	327297	336533	313837	444046	484849	487570	515978	524357	
Tajikistan	2372	1948	2037	2160	1975	1709	1836	1999	2307	2394	
Tanzania	6736	6855	7277	7168	7731	7635	8665	9677	8683	8074	
Thailand	101622	87664	95687	96924	98172	109761	120540	116992	122840	124577	
Timor-Leste	D	-	5	-	-	34	226	232	244	238	
Togo	1855	1765	1800	1964	2003	2186	2560	2671	3044	3120	
Tonga	3110	2572	2373	2336	2016	2202	2561	3417	4497	4276	
Trinidad and Tobago	177916	173660	166423	159618	169251	164705	174506	189641	197990	195355	
Tunisia	6241	6334	7713	8187	9556	11287	13467	13523	15169	14633	
Turkey	147837	134839	148096	167767	175933	192113	214958	226665	243688	220195	
Turkmenistan	706	893	1077	1059	1171	1345	1777	1691	1614	1791	
Tuvalu	257	208	193	240	198	151	182	167	203	168	
Uganda	8300	7765	7773	7919	8926	9398	10308	11222	11536	12914	
Ukraine	75308	66069	71400	76886	82565	87913	100877	118352	127667	130093	
United Arab Emirates	11165	13258	16889	20452	23110	28897	38542	40507	41204	36630	
United Kingdom11	5480917	4713284	4539392	4547728	4486666	4566669	4814079	4968049	5210880	5076167	
Uruguay	44087	43515	49013	54053	59590	70535	80666	81603	87420	85291	
Uzbekistan	5203	5723	7123	6740	7694	9930	10000	11988	12414	14049	
Vanuatu	213	201	150	191	198	203	208	236	266	245	
Venezuela	531685	524246	527902	597555	700840	815797	774782	643784	645928	583196	
Vietnam	55251	47468	54299	57839	63383	73913	93986	114572	121336	134687	
Yemen	1616	1853	2223	2256	3179	3904	5896	5549	5679	3839	
Zambia	3449	2944	3847	3865	4585	4887	5441	5627	5430	6071	
Zimbabwe	7968	7238	7382	8352	8906	8738	10048	10754	10918	11791	
Unknown	181007	294588	561254	484151	275090	164788	25716	51469	161456	95266	
NA Not available.	
X Not applicable.	
D Data withheld to limit disclosure.	
- Represents zero.	
1 Beginning in 2010 the number of I-94 nonimmigrant admissions greatly exceeds totals reported in previous years due to a more complete count of land admissions.	
2 Beginning in 2017, the preceding year’s figures (i.e. 2016) will be updated to correct any undercounting due to lag in reporting within the data system between the publication of last year’s data and the current year.	
3 Australia includes Australia, Norfolk Island, Christmas Island, and Cocos (Keeling) Islands.	
4 The number of I-94 nonimmigrant admissions beginning in 2013 greatly exceeds totals reported in previous years due to a more complete count of Canadian air and sea admissions.	
5 China includes the People's Republic of China, Hong Kong, and Macau.	
6 Denmark includes Denmark, Faroe Islands, and Greenland.	
7 France includes France, French Guiana, French Polynesia, French Southern and Antarctic Lands, Guadeloupe, Martinique, Mayotte, New Caledonia, Reunion, Saint Barthelemy, Saint Pierre and Miquelon, and Wallis and Futuna.	
8 Morocco includes Morocco and Western Sahara.	
9 Netherlands includes the Netherlands, Aruba, Bonaire, Curacao, Saba, Sint Eustatius, and Sint Maarten.	
10 New Zealand includes New Zealand, Cook Islands, Tokelau, and Niue.	
11 United Kingdom includes the United Kingdom, Anguilla, Bermuda, British Virgin Islands, Cayman Islands, Falkland Islands, Gibraltar, Guernsey, Isle of Man, Jersey, Montserrat, Pitcairn Islands, Saint Helena, and Turks and Caicos Islands.	
Notes: Admissions represent counts of events (i.e., arrivals) not unique individuals. Multiple entries of an individual on the same day are counted as one admission.	
The majority of short-term admissions from Canada and Mexico are excluded.	
Source: U.S. Department of Homeland Security.	
