Fiscal Year 2016	A-1	A-2	A-3	B-1	B-1,2	B-2	B-1,2/BCC	B-1,2/BCV	C-1	C-1/D	C-2	C-3	CW-1	CW-2	D	E-1	E-2	E-2C	E-3	E-3D	E-3R	F-1	F-2	F-3	G-1	G-2	G-3	G-4	G-5	H-1B	H-1B1	H-1C	H-2A	H-2B	H-3	H-4	I	J-1	J-2	K-1	K-2	K-3	K-4	L-1	L-2	M-1	M-2	M-3	NATO-1	NATO-2	NATO-3	NATO-4	NATO-5	NATO-6	NATO-7	N-8	N-9	O-1	O-2	O-3	P-1	P-2	P-3	P-4	Q-1	R-1	R-2	S-5	S-6	S-7	TN	TD	T-1	T-2	T-3	T-4	T-5	T-6	U-1	U-2	U-3	U-4	U-5	Total Visas	BCC	Grand Total	
Africa																																																																													
Algeria	42	359	0	15	14,503	20	0	0	30	10	0	1	0	0	109	0	2	0	0	0	0	253	10	0	20	78	0	42	0	18	0	0	0	0	14	30	16	292	13	75	0	0	0	26	24	76	0	0	0	0	0	0	0	0	0	0	0	0	0	0	25	0	1	0	0	0	0	0	0	0	0	3	0	0	0	0	0	0	0	0	0	0	0	16,107	0	16,107	
Angola	91	98	0	1	4,422	610	0	0	21	143	0	0	0	0	4	0	0	0	0	0	0	669	25	0	29	100	0	7	0	6	0	0	0	0	2	8	18	67	0	2	0	0	0	24	45	10	0	0	0	0	0	0	0	0	0	0	0	2	0	0	3	0	0	0	0	1	1	0	0	0	0	0	0	0	0	0	0	0	0	0	0	0	0	6,409	0	6,409	
Benin	40	109	0	8	1,601	5	0	0	5	0	0	14	0	0	4	0	0	0	0	0	0	185	4	0	25	68	0	58	0	9	0	0	0	0	0	1	7	53	4	16	0	1	0	2	0	0	0	0	0	0	0	0	0	0	0	0	0	0	0	0	1	0	0	0	0	1	0	0	0	0	0	0	0	0	0	0	0	0	0	0	0	0	0	2,221	0	2,221	
Botswana	7	87	0	6	974	10	0	0	4	11	0	1	0	0	0	0	0	0	0	1	0	66	6	0	0	44	0	15	0	12	0	0	1	0	15	3	2	105	11	3	0	0	0	2	1	6	1	0	0	0	0	0	0	0	0	0	0	1	0	1	0	0	0	0	27	0	0	0	0	0	0	0	0	0	0	0	0	0	0	0	0	0	0	1,423	0	1,423	
Burkina Faso	21	91	1	12	4,811	5	0	0	4	0	0	16	0	0	1	0	1	0	0	0	0	630	5	0	25	105	1	61	2	6	0	0	0	0	0	1	17	64	7	15	0	0	0	0	2	1	0	0	0	0	0	0	0	0	0	1	0	2	0	0	3	0	12	0	0	2	0	0	0	0	0	0	0	0	0	0	0	0	0	0	0	0	0	5,925	0	5,925	
Burundi	19	31	0	1	968	1	0	0	2	0	0	4	0	0	0	0	0	0	0	0	0	109	6	0	8	39	0	92	0	1	0	0	0	0	0	0	2	31	1	2	0	0	0	0	0	0	0	0	0	0	0	0	0	0	0	0	0	2	0	0	2	0	0	0	0	0	0	0	0	0	0	0	0	0	0	0	0	0	0	0	0	0	0	1,321	0	1,321	
Cabo Verde	10	62	1	3	3,392	2	0	0	1	30	0	7	0	0	0	0	0	0	0	0	0	51	1	0	1	16	0	7	1	2	0	0	0	0	0	1	2	13	0	164	35	0	0	0	0	2	0	0	0	0	0	0	0	0	0	0	0	0	0	0	3	0	10	0	0	3	1	0	0	0	0	0	0	0	0	0	0	0	0	0	0	0	0	3,821	0	3,821	
Cameroon	72	474	0	14	9,937	19	0	0	20	24	2	9	0	0	2	0	5	0	0	0	0	865	19	0	14	152	0	175	1	52	0	0	0	0	2	17	7	193	25	194	32	0	0	19	18	5	0	0	0	0	0	0	0	0	0	0	0	1	4	0	21	0	2	0	0	19	1	0	0	0	0	0	0	0	0	0	0	0	0	0	2	0	0	12,418	0	12,418	
Central African Republic	20	20	0	0	132	2	0	0	1	0	0	0	0	0	0	0	0	0	0	0	0	8	0	0	34	50	0	11	0	0	0	0	0	0	0	0	0	16	0	1	0	0	0	0	1	0	0	0	0	0	0	0	0	0	0	0	0	0	0	0	0	0	0	0	0	0	0	0	0	0	0	0	0	0	0	0	0	0	0	0	0	0	0	296	0	296	
Chad	34	173	1	85	451	364	0	0	0	0	0	0	0	0	0	0	0	0	0	0	0	79	3	0	35	31	0	50	0	0	0	0	0	0	0	0	1	37	0	3	2	0	0	1	2	3	0	0	0	0	0	0	0	0	0	0	0	0	0	0	0	0	0	0	0	0	0	0	0	0	0	0	0	0	0	0	0	0	0	0	0	0	0	1,355	0	1,355	
Comoros	6	14	0	1	82	10	0	0	0	0	0	0	0	0	0	0	0	0	0	0	0	0	0	0	4	29	0	10	0	1	0	0	0	0	0	0	0	9	1	1	0	0	0	0	1	1	0	0	0	0	0	0	0	0	0	0	0	0	0	0	0	0	0	0	0	0	0	0	0	0	0	0	0	0	0	0	0	0	0	0	0	0	0	170	0	170	
Congo, Dem. Rep. of the (Kinshasa)	18	108	0	8	6,459	9	0	0	31	6	0	5	0	0	0	0	1	0	0	0	0	717	8	0	4	323	0	83	0	11	0	0	0	1	0	1	2	92	6	20	5	0	0	8	0	7	3	0	0	0	0	0	0	0	0	0	0	6	2	0	27	0	10	0	0	11	6	0	0	0	0	1	0	0	0	2	2	0	0	0	0	0	0	8,003	0	8,003	
Congo, Rep. of the (Brazzaville)	21	47	0	8	1,125	3	0	0	0	3	0	0	0	0	0	0	0	0	0	0	0	125	3	0	45	189	0	31	0	2	0	0	0	0	2	0	11	24	1	2	0	0	0	2	2	1	0	0	0	0	0	0	0	0	0	0	0	0	0	0	0	0	0	0	0	1	0	0	0	0	0	0	0	0	0	0	0	0	0	0	0	0	0	1,648	0	1,648	
Cote d'Ivoire	17	221	3	26	5,198	226	0	0	10	14	2	0	0	0	0	0	0	0	0	0	0	412	11	0	34	174	0	118	7	22	0	0	0	0	0	7	11	77	9	74	8	2	0	4	3	4	0	0	0	0	0	0	0	0	0	0	0	2	0	0	5	0	1	3	0	3	0	0	0	0	0	1	0	0	0	0	0	0	0	0	0	0	0	6,709	0	6,709	
Djibouti	13	90	1	8	865	135	0	0	0	0	0	0	0	0	0	0	0	0	0	0	0	12	0	0	1	34	0	22	0	0	0	0	0	0	0	0	0	19	0	1	0	0	0	0	0	0	0	0	0	0	0	0	0	0	0	0	0	0	0	0	0	0	0	0	0	0	0	0	0	0	0	0	0	0	0	0	0	0	0	0	0	0	0	1,201	0	1,201	
Egypt	157	1,915	51	317	58,062	733	0	0	10	1,032	0	6	0	0	8	0	107	0	0	0	0	1,398	301	0	55	254	0	216	3	225	0	0	26	0	0	198	149	1,495	703	344	13	4	0	236	363	75	2	0	0	0	0	0	0	0	0	2	0	39	2	31	11	0	26	0	0	28	33	0	0	0	0	8	0	0	0	0	0	0	0	1	0	0	0	68,639	0	68,639	
Equatorial Guinea	8	88	2	0	630	0	0	0	2	0	0	0	0	0	0	0	0	0	0	0	0	154	2	0	19	138	0	6	6	1	0	0	0	0	4	2	0	7	0	2	0	0	0	2	0	2	0	0	0	0	0	0	0	0	0	0	0	0	0	0	0	0	0	0	0	0	0	0	0	0	0	0	0	0	0	0	0	0	0	0	0	0	0	1,075	0	1,075	
Eritrea	4	15	13	142	3,630	15	0	0	4	0	0	0	0	0	0	0	0	0	0	0	0	206	6	0	4	11	0	19	0	4	0	0	0	0	0	2	0	6	0	87	7	0	0	0	1	1	0	0	0	0	0	0	0	0	0	0	0	0	0	0	0	0	0	0	0	4	0	0	0	0	0	0	0	0	0	0	0	0	0	0	0	0	0	4,181	0	4,181	
Ethiopia	61	133	17	170	16,077	35	0	0	14	695	0	4	0	0	69	0	4	0	0	0	0	1,358	53	0	77	130	0	441	11	36	0	0	0	0	1	14	13	278	61	410	21	0	0	7	12	10	0	0	0	0	0	0	0	0	0	0	0	6	6	0	103	0	48	3	0	9	2	0	0	0	0	0	0	0	0	0	0	0	0	0	0	0	1	20,390	0	20,390	
Gabon	15	120	0	1	1,434	26	0	0	4	0	0	1	0	0	3	0	0	0	0	0	0	195	4	0	9	24	0	11	0	4	0	0	0	0	1	2	0	29	0	1	1	0	0	3	2	1	0	0	0	0	0	0	0	0	0	0	0	0	0	0	0	0	0	0	0	0	0	0	0	0	0	0	0	0	0	0	0	0	0	0	0	0	0	1,891	0	1,891	
Gambia, The	4	66	0	3	973	2	0	0	5	0	0	2	0	0	4	0	0	0	0	0	0	66	0	0	7	100	0	35	0	4	0	0	0	0	0	0	0	40	0	27	4	0	0	1	3	0	0	0	0	0	0	0	0	0	0	0	0	0	0	0	0	0	2	0	0	0	0	0	0	0	0	0	0	0	0	0	0	0	0	0	0	0	0	1,348	0	1,348	
Ghana	31	192	12	42	9,479	36	0	0	15	159	0	1	0	0	1	0	0	0	0	0	0	953	49	0	17	247	1	169	2	133	0	0	0	0	7	48	23	464	20	155	17	0	0	26	24	5	0	0	0	0	0	0	0	0	0	0	0	4	1	0	22	0	22	4	1	58	3	0	0	0	0	1	0	0	0	0	0	0	0	0	2	0	0	12,446	0	12,446	
Guinea	10	108	0	43	2,416	33	0	0	0	1	0	2	0	0	0	0	0	0	0	0	0	86	0	0	9	77	0	35	0	1	0	0	0	0	0	2	12	55	1	64	4	1	0	0	0	0	0	0	0	0	0	0	0	0	0	0	0	1	0	0	4	0	23	0	0	0	0	0	0	0	0	0	0	0	0	0	0	0	0	0	0	0	0	2,988	0	2,988	
Guinea-Bissau	0	15	0	0	87	1	0	0	2	0	0	0	0	0	0	0	0	0	0	0	0	4	0	0	1	43	0	16	0	0	0	0	0	0	0	0	3	5	0	2	0	0	0	0	0	0	0	0	0	0	0	0	0	0	0	0	0	0	0	0	0	0	0	0	0	0	0	0	0	0	0	0	0	0	0	0	0	0	0	0	0	0	0	179	0	179	
Kenya	69	1,357	8	89	21,146	53	0	0	45	700	0	22	0	0	2	0	2	0	0	0	0	1,367	66	0	32	403	1	581	6	130	0	0	0	0	4	41	33	499	46	138	32	1	0	30	14	22	0	0	0	0	0	0	0	0	0	0	0	5	0	1	48	0	17	1	0	48	12	0	0	0	0	2	0	0	4	0	0	0	1	0	1	0	0	27,079	0	27,079	
Lesotho	15	26	0	0	192	1	0	0	10	2	0	6	0	0	0	0	0	0	0	0	0	12	0	0	15	45	0	10	0	2	0	0	0	0	0	0	0	31	0	3	3	0	0	0	0	1	0	0	0	0	0	0	0	0	0	0	0	0	0	0	1	0	0	0	1	1	0	0	0	0	0	0	0	0	0	0	0	0	0	0	0	0	0	377	0	377	
Liberia	29	116	1	44	3,211	3	0	0	3	0	0	1	0	0	0	0	0	0	0	0	0	134	8	0	15	148	0	45	0	1	0	0	0	0	0	0	0	123	3	98	13	0	0	0	0	1	0	0	0	0	0	0	0	0	0	1	0	0	0	0	0	0	12	0	0	3	2	0	0	0	0	0	0	0	0	0	0	0	0	0	0	0	0	4,015	0	4,015	
Libya	162	29	0	23	1,406	16	0	0	3	0	0	0	0	0	10	0	0	0	0	0	0	217	135	0	66	34	0	29	0	30	0	0	0	0	0	36	0	41	19	8	0	0	0	14	23	2	3	0	0	0	0	0	0	0	0	0	0	1	0	0	0	0	0	0	0	0	0	0	0	0	0	0	0	0	0	0	0	0	0	0	0	0	0	2,307	0	2,307	
Madagascar	33	62	1	9	1,122	0	0	0	109	0	0	4	0	0	260	0	0	0	0	0	0	90	9	0	39	111	0	125	1	5	0	0	0	0	0	3	3	72	4	9	0	0	0	0	0	3	0	0	0	0	0	0	0	0	0	0	0	0	0	0	1	0	0	0	0	4	1	0	0	0	0	0	0	0	0	0	0	0	0	0	0	0	0	2,080	0	2,080	
Malawi	23	99	0	12	1,172	1	0	0	21	6	0	8	0	0	0	0	0	0	0	0	0	110	25	0	6	140	0	45	0	10	0	0	0	0	0	6	2	98	13	5	0	0	0	1	2	1	0	0	0	0	0	0	0	0	0	0	0	0	0	0	0	0	5	0	0	3	0	0	0	0	0	0	0	0	0	0	0	0	0	0	0	0	0	1,814	0	1,814	
Mali	38	219	2	30	2,082	4	0	0	2	0	0	0	0	0	0	0	0	0	0	0	0	176	1	0	21	138	0	51	2	7	0	0	0	0	0	0	14	79	0	19	8	0	0	1	2	0	0	0	0	0	0	0	0	0	0	0	0	2	11	0	9	0	35	3	0	0	0	0	0	0	0	0	0	0	0	0	0	0	0	0	0	0	0	2,956	0	2,956	
Mauritania	14	84	1	2	1,136	4	0	0	1	0	0	3	0	0	1	0	0	0	0	0	0	36	2	0	21	78	0	49	1	3	0	0	0	0	0	0	3	39	1	5	0	0	0	0	0	2	0	0	0	0	0	0	0	0	0	0	0	0	0	0	0	0	4	0	0	0	0	0	0	0	0	1	0	0	0	0	0	0	0	0	0	0	0	1,491	0	1,491	
Mauritius	7	29	0	5	2,461	9	0	0	0	1,012	0	0	0	0	2	0	1	0	0	0	0	81	0	0	7	28	0	19	2	28	0	0	1	0	0	2	1	63	4	2	1	0	0	12	10	2	0	0	0	0	0	0	0	0	0	0	0	2	0	0	0	0	1	0	0	1	0	0	0	0	0	1	0	0	0	0	0	0	0	0	0	0	0	3,794	0	3,794	
Morocco	39	1,137	28	75	15,940	54	0	0	7	489	0	0	0	0	10	0	7	0	0	0	0	701	9	0	36	170	0	75	7	46	0	0	0	0	2	17	32	595	22	276	9	4	0	25	21	4	0	0	0	0	0	0	0	0	0	0	0	6	0	3	11	0	5	0	32	0	0	0	0	0	0	3	0	0	0	0	0	0	0	0	0	0	0	19,897	0	19,897	
Mozambique	26	165	3	5	1,650	2	0	0	33	14	0	0	0	0	1	0	0	0	0	0	0	90	8	0	16	84	0	60	0	4	0	0	0	0	5	2	10	93	4	5	0	0	0	7	5	2	0	0	0	0	0	0	0	0	0	0	0	0	0	0	3	0	0	1	0	2	0	0	0	0	0	0	0	0	0	0	0	0	0	0	0	0	0	2,300	0	2,300	
Namibia	32	104	1	27	997	6	0	0	8	53	0	5	0	0	0	0	0	0	0	0	0	49	1	0	16	143	0	8	1	3	0	0	4	0	0	5	4	56	1	1	0	0	0	3	1	7	1	0	0	0	0	0	0	0	0	0	0	0	0	0	0	0	0	0	7	1	0	0	0	0	0	0	0	0	0	0	0	0	0	0	0	0	0	1,545	0	1,545	
Niger	34	258	5	20	948	2	0	0	2	0	0	18	0	0	0	0	0	0	0	0	0	119	3	0	49	118	0	54	1	4	0	0	0	0	0	2	0	52	3	8	3	0	0	3	0	0	0	0	0	0	0	0	0	0	0	2	0	1	1	0	0	0	0	0	0	0	0	0	0	0	0	0	0	0	0	0	0	0	0	0	0	0	0	1,710	0	1,710	
Nigeria	180	1,152	5	76	162,996	2,662	0	0	82	144	0	33	0	0	6	1	2	0	0	1	0	6,758	705	0	134	280	0	285	2	402	0	0	0	3	1	97	137	1,008	118	1,014	89	6	5	122	160	173	5	0	0	0	0	0	0	0	0	0	0	17	19	2	19	0	70	6	0	119	43	0	0	0	0	3	0	0	1	0	0	0	0	0	2	0	0	179,145	0	179,145	
Rwanda	15	210	2	3	1,854	5	0	0	1	1	0	35	0	0	1	0	0	0	0	0	0	492	11	0	7	6	0	73	6	16	0	0	0	0	0	7	0	126	10	25	1	1	0	1	0	1	5	0	0	0	0	0	0	0	0	0	0	1	0	0	0	0	1	0	0	3	0	0	0	0	0	0	0	0	0	0	0	0	0	0	0	0	0	2,920	0	2,920	
Sao Tome and Principe	3	22	0	0	25	0	0	0	0	0	0	0	0	0	0	0	0	0	0	0	0	1	0	0	1	9	0	1	0	0	0	0	0	0	0	0	0	6	0	0	0	0	0	0	0	0	0	0	0	0	0	0	0	0	0	0	0	0	0	0	0	0	0	0	0	0	0	0	0	0	0	0	0	0	0	0	0	0	0	0	0	0	0	68	0	68	
Senegal	44	258	0	5	4,349	8	0	0	9	1	0	6	0	0	26	0	2	0	0	0	0	291	3	0	46	183	0	192	6	27	0	0	0	0	0	13	14	175	5	50	4	0	0	5	5	2	0	0	0	0	0	0	0	0	0	0	0	4	7	0	5	0	45	0	0	1	0	0	0	0	0	0	0	0	0	0	0	0	0	0	0	0	0	5,791	0	5,791	
Seychelles	4	14	0	13	139	7	0	0	0	17	0	3	0	0	1	0	0	0	0	0	0	3	0	0	0	17	0	5	0	1	0	0	0	0	0	0	0	7	0	0	0	0	0	0	0	4	0	0	0	0	0	0	0	0	0	0	0	0	0	0	0	0	0	0	0	0	0	0	0	0	0	0	0	0	0	0	0	0	0	0	0	0	0	235	0	235	
Sierra Leone	6	91	2	14	1,259	21	0	0	5	2	0	2	0	0	0	0	0	0	0	0	0	86	8	0	40	13	0	65	1	2	0	0	0	0	0	0	1	58	4	68	4	0	0	1	0	0	0	0	0	0	0	0	0	0	0	0	0	0	0	0	1	0	5	0	0	1	1	0	0	0	0	0	0	0	0	0	0	0	0	0	0	0	0	1,761	0	1,761	
Somalia	14	15	0	10	221	2	0	0	0	0	0	0	0	0	0	0	0	0	0	0	0	50	0	0	10	30	4	15	0	1	0	0	0	0	0	0	0	15	1	54	3	0	0	0	1	0	0	0	0	0	0	0	0	0	0	0	0	0	0	0	0	0	4	0	0	0	0	0	0	0	0	1	0	0	0	0	0	0	0	0	0	0	0	451	0	451	
South Africa	93	543	7	547	45,240	786	0	0	169	2,990	0	64	0	0	1	0	18	0	0	5	0	894	56	0	38	137	0	208	8	194	0	0	2,335	1,977	1	170	66	2,353	77	120	14	0	0	833	718	75	3	0	0	1	0	0	0	0	0	0	0	122	23	53	126	0	112	10	33	29	20	0	0	0	0	3	0	0	0	0	0	0	0	0	1	0	0	61,273	0	61,273	
South Sudan	46	23	0	3	222	0	0	0	1	0	0	0	0	0	0	0	0	0	0	0	0	49	0	0	19	96	0	10	0	2	0	0	0	0	0	0	1	46	2	18	0	0	0	0	2	0	0	0	0	0	0	0	0	0	0	0	0	0	0	0	0	0	0	0	0	3	0	0	0	0	0	0	0	0	0	0	0	0	0	0	0	0	0	543	0	543	
Sudan	60	67	90	385	5,384	83	0	0	5	0	0	1	0	0	21	0	0	0	0	0	0	320	28	0	80	166	0	70	0	21	0	0	0	0	0	9	12	105	19	28	0	1	0	3	3	7	0	0	0	0	0	0	0	0	0	0	0	6	0	3	0	0	0	0	0	0	0	0	0	0	0	2	0	0	0	0	0	0	0	0	0	0	0	6,979	0	6,979	
Swaziland	14	12	0	1	430	2	0	0	1	5	0	0	0	0	0	0	0	0	0	0	0	50	1	0	3	53	1	8	0	3	0	0	0	0	0	0	3	30	2	0	0	0	0	6	4	0	0	0	0	0	0	0	0	0	0	0	0	0	0	0	0	0	0	0	1	1	0	0	0	0	0	0	0	0	0	0	0	0	0	0	0	0	0	631	0	631	
Tanzania	47	257	0	90	4,895	8	0	0	34	181	0	5	0	0	1	0	0	0	0	0	0	419	19	0	66	155	0	119	2	38	0	0	0	0	0	10	5	257	14	33	1	0	0	8	3	18	0	0	0	0	0	0	0	0	0	0	0	4	0	0	14	0	9	0	1	23	0	0	0	0	0	1	0	0	0	0	0	0	0	0	0	0	0	6,737	0	6,737	
Togo	21	162	3	6	1,574	1	0	0	44	0	0	0	0	0	10	0	0	0	0	0	0	119	0	0	13	22	0	22	1	6	0	0	0	0	0	0	1	44	8	50	2	0	0	0	0	0	0	0	0	0	0	0	0	0	0	0	0	0	0	1	0	0	0	0	0	3	0	0	0	0	0	0	0	0	0	2	4	0	0	1	2	0	0	2,122	0	2,122	
Tunisia	26	625	5	22	6,997	19	0	0	6	340	0	1	0	0	0	1	6	0	0	0	0	290	16	0	12	94	0	44	3	24	0	0	0	0	2	15	13	551	24	31	2	1	0	17	19	9	1	0	0	0	0	0	0	0	0	0	0	3	3	1	1	0	0	0	0	0	0	0	0	0	0	4	0	0	0	0	0	0	0	0	0	0	0	9,228	0	9,228	
Uganda	32	604	2	7	5,266	6	0	0	48	0	0	30	0	0	50	0	0	0	0	0	0	525	26	0	28	165	0	287	8	40	0	0	0	0	2	14	19	281	21	76	7	0	0	19	17	14	0	0	0	0	0	0	0	0	0	0	0	1	0	0	1	0	311	0	0	34	0	0	0	0	0	0	0	0	4	0	0	0	0	0	0	0	0	7,945	0	7,945	
Zambia	24	213	0	3	2,338	6	0	0	26	15	0	21	1	0	2	0	1	0	0	1	0	131	6	0	43	131	0	164	1	12	0	0	0	0	0	1	21	120	4	11	1	0	0	6	6	2	0	0	0	0	0	0	0	0	0	0	0	0	0	0	1	0	0	1	0	8	4	0	0	0	0	0	0	0	0	0	0	0	0	0	0	0	0	3,325	0	3,325	
Zimbabwe	54	33	10	32	5,832	13	0	0	351	4	0	3	0	0	528	0	1	0	0	0	0	511	10	0	38	191	0	288	6	78	0	0	4	0	3	24	19	261	18	19	1	0	0	47	30	10	0	0	0	0	0	0	0	0	0	0	0	7	0	0	14	0	10	0	8	7	3	0	0	0	0	1	0	0	2	0	0	0	0	0	0	0	0	8,471	0	8,471	
																																																																																						
Totals for Africa	1,925	12,622	278	2,472	450,192	6,086	0	0	1,211	8,104	4	344	1	0	1,138	2	160	0	0	8	0	22,772	1,672	0	1,394	5,844	8	4,737	98	1,690	0	0	2,371	1,981	68	811	710	10,755	1,310	3,839	347	22	5	1,527	1,550	572	24	0	0	1	0	0	0	0	0	6	0	248	79	96	485	0	803	32	111	435	133	0	0	0	0	36	0	0	11	4	6	0	1	2	10	0	1	551,154	0	551,154	
																																																																																							
Asia																																																																																							
Afghanistan	136	469	0	6	2,076	16	0	0	1	0	0	1	0	0	0	0	0	0	0	0	0	237	21	0	32	69	0	135	0	4	0	0	0	0	0	2	3	286	1	291	6	1	0	6	5	8	0	0	0	0	0	0	0	0	0	0	0	0	0	0	0	0	0	0	0	0	0	0	0	0	0	0	0	0	0	0	0	0	0	0	0	0	0	3,812	0	3,812	
Bahrain	2	165	0	5	4,117	706	0	0	0	25	0	0	0	0	0	0	0	0	0	0	0	174	10	0	8	37	0	1	0	11	0	0	0	0	0	3	3	84	6	2	0	0	0	11	4	16	0	0	0	0	0	0	0	0	0	0	0	1	0	1	3	0	1	0	0	0	0	0	0	0	0	0	0	0	0	0	0	0	1	0	0	0	0	5,397	0	5,397	
Bangladesh	27	823	14	107	11,336	62	0	0	17	631	0	44	315	98	1	0	14	0	0	1	0	1,711	457	0	104	329	0	348	3	269	0	0	0	0	0	170	39	375	117	38	1	0	0	55	72	9	0	0	0	0	0	0	0	0	0	0	0	5	1	3	1	0	93	0	0	8	3	0	0	0	0	11	0	0	0	0	0	0	1	0	0	1	1	17,715	0	17,715	
Bhutan	1	125	0	0	472	1	0	0	1	8	0	12	0	0	0	0	0	0	0	0	0	77	8	0	22	57	0	32	0	6	0	0	0	0	0	0	1	32	2	7	0	0	0	0	0	5	0	0	0	0	0	0	0	0	0	0	0	0	0	0	0	0	2	0	0	5	0	0	0	0	0	0	0	0	0	0	0	0	0	0	0	0	0	876	0	876	
Brunei	27	65	0	0	31	0	0	0	0	14	0	1	0	0	0	0	0	0	0	0	0	13	0	0	7	24	0	11	0	1	0	0	0	0	0	0	4	50	5	2	0	0	0	3	2	0	0	0	0	0	0	0	0	0	0	0	0	0	0	0	0	0	0	0	0	0	0	0	0	0	0	0	0	0	0	0	0	0	0	0	0	0	0	260	0	260	
Burma	70	147	0	1,971	497	3,749	0	0	1,273	0	0	0	1	0	3,803	0	1	0	0	0	0	992	19	0	27	15	0	73	5	31	0	0	0	0	0	6	12	253	16	99	6	0	0	11	11	11	0	0	0	0	0	0	0	0	0	0	0	0	0	0	9	0	0	0	0	20	10	0	0	0	0	0	0	0	0	0	0	0	0	0	0	0	0	13,138	0	13,138	
Cambodia	32	223	0	58	3,641	4	0	0	24	1	0	18	1	0	5	0	2	0	0	0	0	500	3	0	47	110	0	62	4	12	0	0	0	0	0	6	20	170	5	372	27	0	0	2	7	6	0	0	0	0	0	0	0	0	0	0	0	3	0	3	1	0	20	0	0	13	0	0	0	0	0	0	0	0	0	1	3	0	0	0	1	0	0	5,407	0	5,407	
China - mainland	498	2,314	1	380	1,989,925	1,342	0	0	1,397	12,986	0	874	3,906	104	72	5	88	13	0	35	0	148,016	4,104	0	140	755	0	822	7	21,657	0	0	0	0	200	4,601	836	38,606	12,769	1,428	156	0	0	5,430	5,333	2,120	27	0	0	0	0	0	0	0	0	1	1	631	147	195	1,102	1	973	8	173	82	19	0	0	0	0	117	0	1	3	0	0	0	0	4	7	0	0	2,264,412	0	2,264,412	
China - Taiwan	1	1	0	5	8,916	4	0	0	174	3,212	0	0	35	0	0	1,006	463	0	0	3	0	9,730	423	0	0	2	0	20	0	1,425	0	0	0	0	42	388	171	4,314	551	167	9	1	0	490	478	288	2	0	0	0	0	0	0	0	0	0	0	114	251	34	90	0	73	1	4	104	28	0	0	0	0	23	0	0	0	0	0	0	0	0	0	0	0	33,043	0	33,043	
Hong Kong S.A.R.	0	1	0	155	61,708	12	0	0	16	1,698	0	0	24	3	0	0	4	2	0	4	0	2,746	78	0	2	0	0	17	0	215	0	0	0	0	2	65	86	1,116	84	77	7	0	0	126	180	33	3	0	0	0	0	0	0	0	0	0	0	40	192	11	33	0	27	0	35	24	3	0	0	0	0	5	0	0	0	0	0	0	0	0	0	0	0	68,834	0	68,834	
India	166	2,122	71	905	563,202	3,794	0	0	1,394	32,956	1	296	6	2	16	2	34	0	0	203	0	62,537	2,720	0	83	315	0	1,288	20	126,692	0	0	0	2	154	110,003	258	8,373	2,222	913	28	7	0	23,511	28,470	503	11	0	0	0	0	0	0	0	0	1	0	408	220	174	73	0	2,357	18	4	769	313	0	0	0	0	89	0	19	29	0	0	0	3	19	48	0	1	977,825	0	977,825	
Indonesia	202	2,464	40	871	48,787	50	0	0	167	13,585	0	74	2	0	5	3	7	0	0	6	0	2,636	206	0	157	405	0	265	12	350	0	0	0	0	9	77	137	1,320	116	224	24	0	0	234	300	114	1	0	0	0	0	0	0	0	0	0	0	24	27	12	7	0	20	3	2	28	16	0	0	0	0	3	0	0	0	0	0	0	1	0	0	0	0	72,993	0	72,993	
Iran	1	0	3	60	23,048	570	0	0	33	13	7	0	0	0	0	0	15	0	0	4	0	2,650	489	0	96	209	0	171	1	144	0	0	0	0	0	69	19	846	374	356	19	1	0	47	51	9	0	0	0	0	0	0	0	0	0	0	0	32	9	12	3	0	11	0	0	0	0	0	0	0	0	32	0	0	0	0	0	0	0	0	0	0	0	29,404	0	29,404	
Iraq	110	419	0	43	12,972	157	0	0	4	44	0	0	0	0	0	0	0	0	0	0	0	393	128	0	82	93	0	38	0	12	0	0	0	0	1	7	17	521	123	195	3	3	3	13	16	11	0	0	0	0	0	0	0	0	0	0	0	1	0	0	2	0	5	0	0	0	0	0	0	0	0	0	0	0	0	0	0	0	0	0	0	0	0	15,416	0	15,416	
Israel	241	3,225	0	131	168,136	79	0	0	5	666	0	0	0	0	4	377	82	0	0	11	0	1,041	94	0	24	30	0	23	0	445	0	0	0	5	10	372	74	3,174	1,528	57	3	0	0	1,055	1,868	38	4	0	0	0	0	0	0	0	0	0	0	310	41	182	373	0	61	4	0	68	72	0	0	0	0	5	0	0	0	0	0	0	0	0	1	0	0	183,919	0	183,919	
Japan	298	8,886	0	16	6,703	10	0	0	54	4,119	0	465	111	25	0	1,803	13,609	2	0	17	0	16,668	725	0	57	149	0	296	4	1,011	0	0	0	232	117	567	1,160	7,296	2,671	502	29	0	0	4,791	5,729	581	2	0	0	0	0	0	0	0	0	0	0	508	134	160	798	1	238	30	206	100	36	0	0	0	0	32	0	0	0	0	0	0	0	0	0	0	0	80,948	0	80,948	
Jordan	29	2,271	7	61	29,093	343	0	0	7	184	0	65	0	0	1	2	29	0	0	0	0	971	214	0	14	47	0	202	1	223	0	0	0	0	0	117	16	977	158	103	4	4	0	42	80	13	0	0	0	0	0	0	0	0	0	0	0	13	2	7	1	0	9	0	0	7	18	0	0	0	0	2	0	0	0	0	0	0	0	0	0	0	0	35,337	0	35,337	
Korea, North	0	0	0	0	52	0	0	0	0	0	0	0	0	0	0	0	0	0	0	0	0	0	0	0	0	0	48	0	0	0	0	0	0	0	0	0	0	0	0	0	0	0	0	0	0	0	0	0	0	0	0	0	0	0	0	0	0	0	0	0	0	0	0	0	0	0	0	0	0	0	0	0	0	0	0	0	0	0	0	0	0	0	0	100	0	100	
Korea, South	228	2,640	0	11	13,378	4	0	0	4	4,463	0	91	298	147	0	245	2,020	41	0	14	0	25,355	3,136	0	51	94	0	204	1	2,377	0	0	0	1	98	1,178	209	9,673	4,404	403	7	0	0	1,841	2,206	621	53	0	0	0	0	0	0	0	0	0	0	420	68	169	558	0	165	13	1	249	204	0	0	0	0	27	0	0	0	0	0	0	0	0	0	0	0	77,370	0	77,370	
Kuwait	51	515	0	3	26,724	19	0	0	0	89	0	0	0	0	6	0	0	0	0	0	0	3,099	311	0	47	33	0	11	0	10	0	0	0	0	5	3	5	91	38	1	0	0	0	4	6	7	0	0	0	0	0	0	0	0	0	0	0	4	0	0	0	0	0	0	0	0	0	0	0	0	0	0	0	0	0	0	0	0	0	0	0	0	0	31,082	0	31,082	
Laos	36	165	0	3	1,413	4	0	0	3	0	0	10	1	0	0	0	0	0	0	0	0	92	0	0	26	88	0	23	1	0	0	0	0	0	0	0	2	95	1	209	10	0	0	2	2	1	0	0	0	0	0	0	0	0	0	0	0	0	0	0	0	0	2	0	0	22	0	0	0	0	0	0	0	0	0	0	0	0	0	0	0	0	0	2,211	0	2,211	
Lebanon	4	496	14	55	22,109	228	0	0	13	288	0	0	0	0	1	0	4	0	0	1	0	539	17	0	9	40	0	96	0	176	0	0	0	0	2	42	41	639	54	141	1	2	0	71	63	18	1	0	0	0	0	0	0	0	0	0	0	34	13	1	9	0	40	0	0	12	2	0	0	0	0	5	0	0	0	0	0	0	0	0	0	0	0	25,281	0	25,281	
Macau S.A.R.	0	0	0	16	3,767	0	0	0	0	3	0	0	16	2	0	0	0	0	0	0	0	227	7	0	0	0	0	0	0	22	0	0	0	0	0	1	0	34	3	4	0	0	0	5	0	4	0	0	0	0	0	0	0	0	0	0	0	1	1	0	2	0	0	0	0	0	0	0	0	0	0	0	0	0	0	0	0	0	0	0	0	0	0	4,115	0	4,115	
Malaysia	117	713	1	528	35,512	41	0	0	24	1,772	0	10	23	0	2	4	10	1	0	7	0	2,179	64	0	9	69	0	49	0	343	0	0	0	0	65	90	59	1,174	85	65	4	0	0	582	255	46	3	0	0	0	0	0	0	0	0	0	0	33	13	17	11	0	3	0	1	16	7	0	0	0	0	2	0	0	0	0	0	0	0	0	0	0	0	44,009	0	44,009	
Maldives	6	58	0	1	85	0	0	0	1	13	0	0	1	0	0	0	0	0	0	0	0	9	0	0	1	30	0	7	0	7	0	0	0	0	0	0	0	11	0	1	0	0	0	0	0	1	0	0	0	0	0	0	0	0	0	0	0	0	0	0	0	0	0	0	0	0	0	0	0	0	0	0	0	0	0	0	0	0	0	0	0	0	0	232	0	232	
Mongolia	42	230	4	3	7,885	4	0	0	36	0	0	1	3	0	2	0	35	0	0	0	0	1,077	309	0	6	79	0	31	1	28	0	0	0	0	1	7	39	727	41	21	1	0	0	6	8	8	3	0	0	0	0	0	0	0	0	0	0	4	0	3	58	0	19	1	0	8	0	0	0	0	0	0	0	0	0	0	0	0	0	0	0	0	0	10,731	0	10,731	
Nepal	32	275	6	62	17,830	34	0	0	48	256	0	23	16	5	0	0	1	0	0	5	0	5,928	512	0	19	89	0	324	4	509	0	0	1	0	0	199	27	286	83	122	11	2	0	36	28	22	0	0	0	0	0	0	0	0	0	0	0	1	3	1	0	0	32	0	0	19	4	0	0	0	0	2	0	0	0	0	0	0	0	0	2	0	0	26,859	0	26,859	
Oman	43	461	3	4	2,002	2,165	0	0	2	151	0	0	0	0	0	0	0	0	0	0	0	751	64	0	16	26	0	0	0	1	0	0	0	0	0	3	0	50	22	0	0	0	0	4	11	13	0	0	0	0	0	0	0	0	0	0	0	0	0	0	0	0	0	0	0	0	0	0	0	0	0	0	0	0	0	0	0	0	0	0	0	0	0	5,792	0	5,792	
Pakistan	157	1,788	36	110	65,844	1,083	0	0	27	664	0	11	0	0	0	3	160	0	0	5	0	2,302	296	0	141	100	0	386	6	601	0	0	0	0	2	630	113	2,413	454	506	16	4	3	191	228	28	4	0	0	0	0	0	0	0	0	0	0	30	0	15	7	0	137	6	0	18	41	0	0	0	0	68	0	0	0	0	0	0	0	1	2	0	0	78,637	0	78,637	
Palestinian Authority Travel Document	0	1	0	170	9,212	79	0	0	1	2	0	0	0	0	0	0	2	0	0	0	0	288	12	0	0	0	0	33	0	27	0	0	0	0	0	9	3	262	53	45	0	0	0	13	13	0	0	0	0	0	0	0	0	0	0	0	0	2	5	0	0	0	2	1	0	0	9	0	0	0	0	0	0	0	0	0	0	0	0	0	0	0	0	10,244	0	10,244	
Philippines	92	1,911	274	7,850	99,967	730	0	0	1,446	78,457	0	117	3,278	481	7	8	112	2	0	7	0	1,009	71	0	94	113	0	361	114	1,455	0	0	58	835	56	1,065	67	9,389	270	6,926	1,388	0	0	653	645	46	0	0	0	4	0	0	0	0	0	2	0	69	187	18	168	0	25	0	0	208	46	0	0	0	0	21	0	45	143	0	1	1	0	2	7	0	0	220,301	0	220,301	
Qatar	118	562	5	5	7,173	1	0	0	0	33	0	0	0	0	0	0	0	0	0	0	0	721	31	0	10	45	0	0	0	3	0	0	0	0	0	0	5	28	3	0	0	0	0	4	6	9	0	0	0	0	0	0	0	0	0	0	0	0	0	0	0	0	0	0	0	0	0	0	0	0	0	0	0	0	0	0	0	0	0	0	0	0	0	8,762	0	8,762	
Saudi Arabia	604	4,757	95	127	78,042	72	0	0	5	0	0	0	0	0	756	0	0	0	0	0	0	16,474	5,836	0	81	92	0	57	0	69	0	0	0	1	15	44	20	860	489	10	2	0	0	176	394	484	15	0	0	0	0	0	0	0	0	0	0	9	0	3	0	0	0	0	0	0	0	0	0	1	0	0	0	0	0	0	0	0	0	0	0	0	0	109,590	0	109,590	
Singapore	37	3,667	0	34	762	0	0	0	1	2,287	0	12	4	0	2	2	47	0	0	7	0	1,958	101	0	14	78	0	33	0	330	685	0	0	0	45	301	60	1,083	101	37	2	0	0	311	255	51	2	0	0	0	0	0	0	0	0	0	0	42	11	8	1	1	4	0	0	6	5	0	0	0	0	4	0	0	0	0	0	0	0	0	0	0	0	12,391	0	12,391	
Sri Lanka	14	219	7	141	10,876	85	0	0	84	1,325	0	0	8	0	0	0	15	0	0	2	0	841	146	0	36	123	0	78	8	185	0	0	0	0	0	84	14	150	57	22	0	0	0	111	115	49	0	0	0	0	0	0	0	0	0	0	0	4	2	0	2	0	42	0	0	23	0	0	0	0	0	5	0	0	0	0	0	0	1	4	3	0	0	14,881	0	14,881	
Syria	1	5	8	76	7,797	107	0	0	9	38	0	0	0	0	2	0	4	0	0	1	0	320	44	0	72	1	0	66	0	33	0	0	0	0	0	34	14	84	22	226	9	1	0	32	48	6	2	0	0	0	0	0	0	0	0	0	0	0	0	0	7	0	7	0	0	8	12	0	0	0	0	0	0	0	0	0	0	0	0	0	0	0	0	9,096	0	9,096	
Thailand	59	1,194	6	337	47,382	27	0	0	104	2,195	0	27	16	3	0	15	598	1	0	4	0	4,248	36	0	17	261	1	57	7	209	0	0	25	5	4	40	113	8,124	67	640	86	0	0	115	63	79	4	0	0	0	0	0	0	0	0	0	0	40	10	8	38	0	6	0	3	96	0	0	0	0	0	4	0	7	13	0	0	0	0	0	0	0	0	66,394	0	66,394	
Timor-Leste	6	53	0	1	22	2	0	0	2	0	0	3	0	0	0	0	0	0	0	0	0	13	0	0	3	25	0	0	1	0	0	0	0	0	0	0	1	21	0	0	0	0	0	0	0	0	0	0	0	0	0	0	0	0	0	0	0	0	0	0	0	0	0	0	0	0	0	0	0	0	0	0	0	0	0	0	0	0	0	0	0	0	0	153	0	153	
United Arab Emirates	69	1,302	0	4	16,090	1,159	0	0	0	0	0	0	0	0	163	0	0	0	0	0	0	1,067	88	0	10	51	0	0	0	6	0	0	0	0	2	1	0	53	9	0	0	0	0	6	4	33	0	0	0	0	0	0	0	0	0	0	0	0	0	0	0	0	0	0	0	0	0	0	0	0	0	0	0	0	0	0	0	0	0	0	0	0	0	20,117	0	20,117	
Vietnam	258	768	1	99	86,180	1,110	0	0	168	1,246	0	63	2	0	8	1	8	0	0	6	0	15,680	225	0	48	179	0	299	6	464	0	0	0	0	8	141	73	1,434	197	1,928	267	1	0	198	177	164	1	0	0	0	0	0	0	0	0	0	0	37	14	20	1	0	93	0	0	197	5	0	0	0	0	3	0	2	5	0	0	0	0	0	0	0	0	111,785	0	111,785	
Yemen	3	28	20	115	3,786	32	0	0	1	19	0	0	0	0	0	0	0	0	0	0	0	665	175	0	42	38	2	109	0	3	0	0	0	0	0	6	1	43	19	28	2	10	6	10	22	9	3	0	0	0	0	0	0	0	0	0	0	2	0	1	0	0	0	1	0	0	1	0	0	0	0	1	0	0	0	0	0	0	0	0	0	0	0	5,203	0	5,203	
																																																																																							
Totals for Asia	3,818	45,528	616	14,529	3,498,550	17,885	0	0	6,546	163,443	8	2,218	8,067	870	4,856	3,476	17,364	62	0	343	0	335,934	21,180	0	1,654	4,300	51	6,028	206	159,366	685	0	84	1,081	838	120,331	3,722	104,517	27,220	16,168	2,128	37	12	40,198	47,155	5,464	141	0	0	4	0	0	0	0	0	4	1	2,822	1,351	1,058	3,358	3	4,467	86	429	2,110	854	0	0	1	0	461	0	74	193	1	4	1	7	30	71	1	2	4,704,072	0	4,704,072	
																																																																																						
Europe																																																																																							
Albania	9	165	0	14	8,749	2	0	0	2	99	0	0	0	0	3	0	19	0	0	0	0	393	9	0	6	61	0	31	0	43	0	0	0	0	0	4	14	314	8	187	3	0	0	9	10	3	0	0	0	7	0	0	0	0	0	0	0	8	4	2	2	0	53	0	1	3	4	0	0	0	0	0	0	0	0	0	0	0	0	0	1	0	0	10,242	0	10,242	
Andorra	3	3	0	0	5	0	0	0	0	0	0	0	0	0	0	0	0	0	0	0	0	6	0	0	2	4	0	2	0	0	0	0	0	0	0	0	0	9	0	0	0	0	0	0	0	1	0	0	0	0	0	0	0	0	0	0	0	3	0	0	0	0	0	0	0	0	0	0	0	0	0	0	0	0	0	0	0	0	0	0	0	0	0	38	0	38	
Armenia	16	150	0	29	10,211	32	0	0	9	0	0	0	0	0	6	0	14	0	0	0	0	107	28	0	4	12	0	93	3	42	0	0	0	0	5	26	18	206	10	201	11	1	0	17	35	0	0	0	0	1	0	0	0	0	0	0	0	23	27	10	12	0	83	0	0	2	0	0	0	0	0	0	0	0	0	0	0	0	0	0	0	0	0	11,444	0	11,444	
Austria	39	292	1	258	2,827	6	0	0	0	887	0	0	0	0	0	26	194	0	0	1	0	682	12	0	8	19	13	99	0	105	0	0	1	15	3	28	119	2,085	74	30	0	0	0	353	193	60	0	0	0	1	0	0	0	0	0	0	0	147	26	20	255	0	28	2	5	9	0	0	0	0	0	0	0	0	0	0	0	0	0	0	0	0	0	8,923	0	8,923	
Azerbaijan	53	263	1	16	6,260	6	0	0	1	256	0	7	0	0	0	0	38	0	0	0	0	458	37	0	36	103	0	76	0	31	0	0	0	0	0	11	30	289	28	15	2	0	0	17	26	3	0	0	0	0	0	0	0	0	0	0	0	6	0	3	3	0	12	1	0	0	0	0	0	0	0	0	0	0	0	0	0	0	0	0	0	0	0	8,088	0	8,088	
Belarus	24	35	0	43	14,869	17	0	0	0	718	0	1	0	0	6	0	2	0	0	0	0	249	6	0	26	55	0	88	0	66	0	0	0	1	0	64	11	971	30	98	26	0	0	209	212	1	0	0	0	0	0	0	0	0	0	0	0	35	0	10	107	0	17	6	0	4	0	0	0	0	0	1	0	0	0	0	0	0	0	0	0	0	0	18,008	0	18,008	
Belgium	39	235	1	38	2,544	4	0	0	2	906	0	9	0	0	1	7	252	0	0	1	0	834	16	0	15	71	17	162	0	140	0	0	0	1	6	51	142	1,230	134	51	4	0	0	450	393	97	0	0	0	311	0	24	0	5	0	0	0	148	94	32	179	1	13	1	1	9	1	0	0	0	0	1	0	0	1	0	0	0	0	0	0	0	0	8,674	0	8,674	
Bosnia and Herzegovina	19	140	0	45	4,146	2	0	0	1	1,098	0	0	0	0	0	1	0	0	0	0	0	148	3	0	8	26	0	32	1	22	0	0	0	0	0	9	8	551	2	196	10	1	0	13	7	0	0	0	0	0	0	0	0	0	0	0	0	3	0	0	8	0	42	0	0	5	8	0	0	0	0	0	0	0	0	0	0	0	0	0	0	0	0	6,555	0	6,555	
Bulgaria	37	101	0	91	11,540	16	0	0	3	1,790	0	21	1	0	1	1	235	0	0	3	0	334	6	0	13	38	9	60	0	163	0	0	8	293	1	44	10	5,484	20	99	16	0	0	105	47	10	1	0	0	144	0	4	0	1	0	0	0	35	2	8	82	0	36	5	0	1	0	0	0	0	0	2	0	0	0	0	0	0	0	0	0	0	0	20,921	0	20,921	
Croatia	24	127	0	201	10,764	373	0	0	29	3,696	0	1	1	0	1	4	25	0	0	1	0	278	16	0	8	38	0	35	0	61	0	0	0	8	1	16	24	826	28	47	2	0	0	70	55	4	0	0	0	3	0	0	0	0	0	0	0	31	4	9	64	0	52	3	0	5	4	0	0	0	0	0	0	0	0	0	0	0	0	0	0	0	0	16,939	0	16,939	
Cyprus	8	31	0	20	4,781	3	0	0	0	93	0	0	0	0	1	0	0	0	0	0	0	182	2	0	12	28	4	13	0	36	0	0	0	0	0	6	8	98	8	1	0	0	0	18	6	4	0	0	0	0	0	0	0	0	0	0	0	21	0	5	1	0	1	0	0	0	0	0	0	0	0	0	0	0	0	0	0	0	0	0	0	0	0	5,391	0	5,391	
Czech Republic	55	326	0	223	1,630	62	0	0	0	423	0	2	1	2	0	1	121	0	0	3	0	520	10	0	17	60	2	35	1	62	0	0	0	169	3	27	27	3,244	103	28	3	0	0	237	164	10	0	0	0	46	0	5	0	1	0	0	0	65	5	18	167	1	22	8	0	6	0	0	0	0	0	2	0	0	0	0	0	0	0	0	0	0	0	7,917	0	7,917	
Denmark	36	447	2	64	2,857	6	0	0	2	684	0	4	0	0	0	11	208	0	0	9	0	1,423	9	0	20	144	6	115	1	80	0	0	10	5	13	47	212	2,440	294	37	4	0	0	418	427	33	0	0	0	131	0	6	0	4	0	0	0	188	31	44	107	0	11	4	1	3	9	0	0	0	0	2	0	0	0	0	0	0	0	0	0	0	0	10,609	0	10,609	
Estonia	7	80	0	51	205	0	0	0	0	218	0	0	0	0	0	0	20	0	0	3	0	55	4	0	15	39	1	8	0	19	0	0	0	0	0	7	18	499	24	7	1	0	0	19	19	0	0	0	0	101	0	1	0	0	1	0	0	22	1	6	34	0	10	1	0	1	2	0	0	0	0	0	0	0	0	0	0	0	0	0	0	0	0	1,499	0	1,499	
Finland	40	466	0	147	819	13	0	0	0	699	0	1	0	0	0	33	99	0	0	2	0	491	14	0	13	112	5	80	1	62	0	0	0	1	0	46	94	1,160	196	55	0	1	0	357	488	20	2	0	0	1	0	0	0	0	0	0	0	71	10	26	204	0	9	4	1	5	0	0	0	0	0	1	0	0	0	0	0	0	0	0	0	0	0	5,849	0	5,849	
France	161	1,781	4	350	9,161	78	0	0	16	3,628	0	29	0	0	5	234	3,199	0	0	18	0	6,460	136	0	72	52	45	857	6	1,479	0	0	1	9	49	395	646	13,553	1,031	307	17	1	0	2,841	3,067	214	4	0	1	103	0	17	0	16	0	0	0	950	269	277	975	1	119	19	350	53	4	0	0	0	0	29	0	0	1	0	0	0	5	0	4	0	0	53,099	0	53,099	
Georgia	28	354	1	29	4,649	17	0	0	2	280	0	2	0	0	1	0	4	0	0	1	0	251	21	0	17	50	0	39	2	31	0	0	0	0	0	15	31	424	26	34	1	0	0	12	8	0	0	0	0	0	0	0	0	0	0	0	0	9	0	2	30	0	23	0	0	3	2	0	0	0	0	0	0	0	0	0	0	0	0	0	0	0	0	6,399	0	6,399	
Germany	220	1,468	3	466	23,569	48	0	0	15	6,348	0	31	1	0	1	1,457	4,329	1	0	19	0	7,307	94	0	81	244	49	480	6	1,061	0	0	1	3	53	313	1,027	20,896	859	408	25	0	0	2,599	1,621	397	10	0	0	812	0	12	41	363	0	0	0	741	286	207	856	1	50	8	157	54	9	0	0	0	0	17	0	0	0	0	0	0	0	0	0	0	0	79,124	0	79,124	
Great Britain and Northern Ireland	172	3,431	6	1,440	32,798	272	0	0	24	9,656	0	89	3	1	5	219	2,969	0	0	111	0	4,753	115	0	54	105	16	712	0	1,769	0	0	44	1,160	58	767	2,114	20,364	420	1,355	63	0	0	6,063	4,414	548	45	0	0	719	0	14	0	36	0	0	0	2,908	2,108	665	2,647	44	219	65	98	138	76	0	0	0	0	32	0	0	0	0	0	0	0	0	0	1	0	105,905	0	105,905	
Greece	47	196	0	31	1,732	2	0	0	2	2,661	0	2	0	0	0	17	10	0	0	3	0	964	39	0	13	49	7	55	0	364	0	0	0	16	1	101	20	840	143	40	4	0	0	145	116	13	0	0	0	144	0	2	0	1	0	0	0	123	11	42	62	0	106	2	3	6	2	0	0	0	0	1	0	0	0	0	0	0	0	0	0	0	0	8,138	0	8,138	
Hungary	53	220	0	21	1,038	1	0	0	2	525	0	3	0	0	0	6	9	0	0	2	0	330	13	0	9	106	7	40	0	122	0	0	3	68	18	61	31	2,255	101	54	5	0	0	299	254	12	0	0	0	77	0	4	0	3	0	0	0	71	6	26	299	0	107	8	0	29	2	0	0	0	0	4	0	0	0	0	0	0	0	0	0	0	0	6,304	0	6,304	
Iceland	7	13	0	0	876	0	0	0	1	710	0	0	0	0	0	0	1	0	0	1	0	249	46	0	5	25	0	16	0	25	0	0	0	0	0	24	4	154	38	4	0	0	0	26	31	15	5	0	0	0	0	0	0	0	0	0	0	26	6	12	23	0	0	0	1	0	0	0	0	0	0	3	0	0	0	0	0	0	0	0	0	0	0	2,347	0	2,347	
Ireland	17	143	2	198	2,718	24	0	0	3	1,110	0	1	0	0	0	45	355	0	0	10	0	539	12	0	11	23	2	117	0	549	0	0	48	298	20	135	192	8,442	88	127	4	0	0	1,011	667	28	0	0	0	1	0	0	0	0	0	1	0	299	154	58	398	2	336	10	12	24	1	0	0	0	0	2	0	0	0	0	0	0	0	0	0	0	0	18,237	0	18,237	
Italy	140	574	1	388	9,728	16	0	0	9	2,838	0	16	0	0	3	365	2,054	0	0	10	0	4,018	90	0	20	150	41	454	3	896	0	0	2	19	29	233	193	7,726	385	157	7	1	0	1,317	892	162	1	0	0	523	0	6	0	5	0	0	0	724	187	138	436	1	34	24	242	84	15	0	0	0	0	11	0	0	0	0	0	0	1	0	0	0	0	35,369	0	35,369	
Kazakhstan	63	320	5	103	10,894	224	0	0	85	0	0	1	0	0	105	0	37	0	0	0	0	1,040	168	0	39	93	0	40	3	55	0	0	0	0	3	30	28	2,334	45	49	15	1	0	45	62	28	0	0	0	0	0	0	0	0	0	0	0	13	1	9	25	0	1	5	2	20	5	0	0	0	0	0	0	0	0	0	0	0	0	0	0	0	0	15,996	0	15,996	
Kosovo	31	147	0	7	3,680	4	0	0	2	2	0	0	0	0	0	0	5	0	0	0	0	82	2	0	0	29	0	20	0	11	0	0	0	0	0	2	12	535	4	113	1	0	0	2	3	0	0	0	0	0	0	0	0	0	0	0	0	3	0	1	1	0	11	0	0	0	0	0	0	0	0	0	0	0	0	0	0	0	0	0	0	0	0	4,710	0	4,710	
Kyrgyzstan	12	138	0	5	2,812	1	0	0	82	0	0	0	0	0	84	0	14	0	0	1	0	146	22	0	18	46	0	116	2	11	0	0	0	0	0	5	27	484	13	33	9	1	0	5	8	0	0	0	0	0	0	0	0	0	0	0	0	0	0	0	6	0	3	2	0	3	0	0	0	0	0	1	0	0	0	0	0	0	0	0	0	0	0	4,110	0	4,110	
Latvia	14	146	0	2	362	114	0	0	2	1,096	0	0	0	0	0	0	13	0	0	1	0	101	0	0	1	17	2	23	0	24	0	0	0	0	1	7	4	286	15	11	1	0	0	30	18	1	0	0	0	4	0	0	0	0	0	0	0	34	9	9	60	0	6	1	0	1	0	0	0	0	0	0	0	0	0	0	0	0	0	0	0	0	0	2,416	0	2,416	
Liechtenstein	6	2	0	2	7	0	0	0	0	2	0	0	0	0	0	0	1	0	0	0	0	11	0	0	2	5	0	2	0	3	0	0	0	0	0	1	1	5	0	0	0	0	0	4	1	0	1	0	0	0	0	0	0	0	0	0	0	0	0	0	0	0	0	0	0	0	0	0	0	0	0	0	0	0	0	0	0	0	0	0	0	0	0	56	0	56	
Lithuania	10	162	0	18	433	0	0	0	0	459	0	0	0	0	0	0	49	0	0	3	0	220	5	0	0	31	7	17	0	29	0	0	0	135	1	20	11	1,587	14	30	4	0	0	66	73	7	0	0	0	17	0	1	0	5	0	0	0	39	0	3	32	0	22	2	0	4	0	0	0	0	0	2	0	0	0	0	0	0	0	0	0	0	0	3,518	0	3,518	
Luxembourg	23	26	0	2	118	0	0	0	0	36	0	0	0	0	0	0	5	0	0	0	0	71	0	0	2	15	1	14	0	6	0	0	0	0	0	2	2	61	3	4	0	0	0	8	3	6	0	0	0	4	0	2	0	0	0	0	0	2	2	0	6	0	0	0	0	0	0	0	0	0	0	0	0	0	0	0	0	0	0	0	0	0	0	424	0	424	
Macedonia	24	133	1	8	3,662	4	0	0	1	531	0	1	0	0	0	0	1	0	0	0	0	68	0	0	1	29	0	20	0	27	0	0	0	8	0	4	7	1,497	10	86	3	0	0	9	2	1	0	0	0	0	0	0	0	0	0	0	0	8	1	2	3	0	34	0	0	1	2	0	0	0	0	0	0	0	0	0	0	0	0	0	0	0	0	6,189	0	6,189	
Malta	13	18	0	1	157	0	0	0	0	57	0	1	0	0	0	0	1	0	0	0	0	16	1	0	6	27	3	3	0	4	0	0	0	0	0	2	6	19	1	0	0	0	0	42	2	2	0	0	0	0	0	0	0	0	0	0	0	0	0	0	3	0	0	0	0	1	0	0	0	0	0	0	0	0	0	0	0	0	0	0	0	0	0	386	0	386	
Moldova	12	182	1	16	5,276	2	0	0	11	181	0	1	0	0	1	0	4	0	0	0	0	87	4	0	9	24	0	41	2	31	0	0	46	5	0	44	5	1,841	9	57	4	0	0	8	15	1	0	0	0	0	0	0	0	0	0	0	0	9	0	3	14	0	0	0	0	1	0	0	0	0	0	0	0	0	0	0	0	0	0	0	0	0	0	7,947	0	7,947	
Monaco	0	4	0	0	0	0	0	0	0	0	0	0	0	0	0	0	0	0	0	0	0	9	0	0	0	2	0	0	0	0	0	0	0	0	0	1	0	1	0	0	0	0	0	1	0	1	0	0	0	0	0	0	0	0	0	0	0	0	0	0	3	0	0	0	0	0	0	0	0	0	0	0	0	0	0	0	0	0	0	0	0	0	0	22	0	22	
Montenegro	17	125	0	16	3,382	1	0	0	3	1,636	0	0	0	0	0	0	1	0	0	0	0	88	0	0	0	34	0	6	0	14	0	0	0	9	0	5	7	764	5	11	0	0	0	3	1	0	0	0	0	0	0	0	0	0	0	0	0	9	0	1	8	0	4	4	0	0	0	0	0	0	0	0	0	0	0	0	0	0	0	0	0	0	0	6,154	0	6,154	
Netherlands	82	433	2	345	6,802	17	0	0	5	3,069	0	2	0	0	1	7	427	2	0	9	0	1,727	26	0	15	147	21	187	1	252	0	0	4	36	10	98	218	3,600	192	160	2	0	0	1,014	966	151	1	0	0	201	0	10	1	2	0	0	0	352	215	83	297	3	21	10	4	14	7	0	0	0	0	8	0	0	0	0	0	0	0	0	0	0	0	21,259	0	21,259	
Norway	39	249	1	60	2,556	9	0	0	3	710	0	1	0	0	0	19	179	0	0	0	0	1,812	22	0	12	11	0	91	0	56	0	0	0	1	1	23	140	1,582	217	43	1	1	1	191	182	85	13	0	0	193	0	8	0	0	0	0	0	124	35	19	194	0	5	4	177	19	10	0	0	0	0	2	0	0	0	0	0	0	0	0	0	0	0	9,101	0	9,101	
Poland	58	511	1	736	88,624	56	0	0	21	2,705	0	2	0	0	0	9	135	0	0	5	0	738	25	0	4	75	11	93	1	207	0	0	2	206	7	91	188	5,058	193	138	10	0	0	561	502	21	1	0	0	395	0	8	0	65	0	0	0	145	37	28	528	1	207	3	1	71	0	0	0	0	0	9	0	0	0	0	0	0	1	0	0	0	0	102,494	0	102,494	
Portugal	11	99	2	81	1,806	7	0	0	0	1,493	0	7	3	1	0	1	26	0	0	2	0	504	33	0	6	65	5	79	1	157	0	0	0	16	1	73	34	747	76	50	3	0	0	298	251	39	0	0	2	69	0	2	0	1	0	0	0	96	46	40	76	1	41	5	2	11	1	0	0	0	0	2	0	0	0	0	0	0	0	0	0	0	0	6,372	0	6,372	
Romania	54	354	4	630	34,497	20	0	0	253	6,091	0	2	0	0	2	2	51	0	0	1	0	404	20	0	19	139	6	111	2	196	0	0	202	670	2	74	44	6,619	68	216	20	1	0	259	170	10	0	0	0	245	0	12	0	0	0	0	0	63	0	16	57	0	109	3	2	10	12	0	0	0	0	6	0	0	0	0	0	0	0	0	0	0	0	51,748	0	51,748	
Russia	290	1,033	1	530	151,692	397	0	0	117	16,872	0	18	5	1	1	9	40	2	0	6	0	4,776	359	0	356	389	0	672	2	672	0	0	0	3	6	517	346	5,363	236	641	118	0	0	1,197	1,280	58	5	0	0	0	0	0	0	0	0	0	0	388	33	134	1,033	0	270	74	0	64	10	0	0	0	0	10	0	0	0	0	0	0	0	0	0	0	0	190,026	0	190,026	
San Marino	6	0	0	0	3	0	0	0	0	0	0	0	0	0	0	0	0	0	0	0	0	2	0	0	0	3	0	1	0	0	0	0	0	0	0	2	0	2	2	0	0	0	0	0	0	1	0	0	0	0	0	0	0	0	0	0	0	0	0	0	1	0	0	0	0	0	0	0	0	0	0	0	0	0	0	0	0	0	0	0	0	0	0	23	0	23	
Serbia  	17	112	0	92	13,302	14	0	0	9	2,649	0	3	0	0	2	5	14	0	0	1	0	820	19	0	8	32	0	60	2	169	0	0	1	564	2	62	31	4,519	51	116	7	0	0	88	82	3	0	0	0	0	0	0	0	0	0	0	0	76	4	17	46	2	40	17	0	7	10	0	0	0	0	2	0	0	0	0	0	0	0	0	0	0	0	23,077	0	23,077	
Slovakia	15	163	0	23	920	0	0	0	1	564	0	3	0	0	0	1	84	0	0	1	0	301	20	0	21	36	1	28	1	49	0	0	0	80	2	15	14	3,303	24	28	0	0	0	148	112	3	1	0	5	4	0	0	0	0	0	0	0	36	3	9	49	0	4	3	0	14	4	0	0	0	0	1	0	0	0	0	0	0	0	0	0	0	0	6,094	0	6,094	
Slovenia	11	44	0	7	519	0	0	0	2	178	0	2	0	0	0	4	28	0	0	0	0	132	3	0	6	35	5	5	0	24	0	0	0	5	1	11	5	302	26	7	1	0	0	26	17	1	0	0	0	35	0	1	0	0	0	0	0	31	1	7	17	0	12	1	0	1	0	0	0	0	0	0	0	0	0	0	0	0	0	0	0	0	0	1,513	0	1,513	
Spain	58	563	3	73	6,566	9	0	0	6	2,861	0	8	0	0	3	73	1,522	0	0	7	0	4,138	149	0	20	162	30	509	6	809	0	0	1	34	16	224	274	9,670	1,332	156	11	0	0	1,268	1,299	75	0	0	1	173	0	10	0	8	0	0	2	512	138	174	324	0	210	48	56	45	14	0	0	0	0	29	0	0	0	0	0	0	0	0	0	1	0	33,680	0	33,680	
Sweden	42	1,001	5	105	6,738	86	0	0	13	991	0	11	0	0	3	12	535	0	0	16	0	2,310	22	0	20	169	7	136	0	202	0	0	2	11	4	72	209	2,762	275	100	3	0	0	651	635	101	2	0	0	0	0	0	0	0	0	0	0	302	194	111	405	0	23	19	0	20	7	0	0	0	0	1	0	0	0	0	0	0	0	0	0	0	0	18,333	0	18,333	
Switzerland	34	343	0	139	4,151	36	0	0	0	857	0	6	0	0	0	17	281	0	0	3	0	3,096	49	0	16	19	0	220	0	162	0	0	3	1	5	49	131	1,598	162	36	1	0	0	357	303	148	6	0	0	0	0	0	0	0	0	0	0	152	14	34	97	0	3	4	1	13	1	0	0	0	0	1	0	0	0	0	0	0	0	0	0	0	0	12,549	0	12,549	
Tajikistan	11	115	0	1	1,255	0	0	0	1	0	0	0	0	0	1	0	0	0	0	0	0	166	8	0	21	29	0	76	0	9	0	0	0	0	0	5	6	208	23	12	5	0	0	0	1	0	0	0	0	0	0	0	0	0	0	0	0	1	0	1	0	0	0	0	0	0	0	0	0	0	0	0	0	0	0	0	0	0	0	0	0	0	0	1,955	0	1,955	
Turkey	107	1,269	5	174	85,560	1,506	0	0	11	5,510	0	9	0	0	2	81	687	0	0	1	0	6,201	363	0	16	383	0	135	6	731	0	0	0	40	8	334	205	8,820	900	116	0	0	0	262	252	84	3	0	1	461	2	13	0	5	0	0	0	90	4	48	25	0	9	0	42	6	12	0	0	0	0	3	0	0	0	0	0	0	1	0	1	0	0	114,504	0	114,504	
Turkmenistan	13	47	0	21	981	11	0	0	0	13	0	0	0	0	0	0	0	0	0	0	0	201	33	0	12	22	0	29	0	4	0	0	0	0	0	2	1	166	0	8	2	0	0	8	9	1	0	0	0	0	0	0	0	0	0	0	0	0	0	0	1	0	0	2	0	0	0	0	0	0	0	0	0	0	0	0	0	0	0	0	0	0	0	1,587	0	1,587	
Ukraine	66	573	2	456	45,638	1,301	0	0	46	12,095	0	0	0	0	0	3	171	0	0	0	0	1,057	83	0	52	83	0	134	2	277	0	0	125	643	1	342	61	6,486	111	928	212	1	0	480	471	16	1	0	0	0	0	0	0	0	0	0	0	120	6	43	359	1	51	25	0	44	40	0	0	0	0	17	0	0	0	0	0	0	0	0	1	0	0	72,624	0	72,624	
Uzbekistan	48	169	0	16	8,303	9	0	0	6	324	0	0	0	0	0	0	1	0	0	0	0	371	58	0	12	41	0	83	0	31	0	0	0	0	0	30	2	747	16	57	18	0	0	21	47	0	0	0	0	0	0	0	0	0	0	0	0	3	1	1	18	0	14	1	2	1	5	0	0	0	0	0	0	0	0	0	0	0	0	0	0	0	0	10,456	0	10,456	
Vatican City	4	16	0	0	3	0	0	0	0	0	0	1	0	0	0	0	0	0	0	0	0	0	0	0	1	0	0	0	0	0	0	0	0	0	0	0	0	1	0	0	0	0	0	0	0	0	0	0	0	0	0	0	0	0	0	0	0	0	0	0	0	0	0	0	0	0	0	0	0	0	0	0	0	0	0	0	0	0	0	0	0	0	0	26	0	26	
																																																																																							
Totals for Europe	2,445	19,538	55	7,832	659,175	4,828	0	0	803	100,305	0	298	15	5	239	2,670	18,469	5	0	255	0	61,726	2,232	0	1,180	3,806	323	6,650	55	11,450	0	0	504	4,533	331	4,577	7,012	165,027	8,073	6,744	659	10	1	23,657	19,919	2,479	102	0	10	4,926	2	162	42	521	1	1	2	9,265	3,975	2,413	10,639	59	2,483	404	1,161	815	279	0	0	0	0	202	0	0	2	0	0	0	8	0	7	2	0	1,185,368	0	1,185,368	
																																																																																							
North America																																																																																							
Antigua and Barbuda	6	18	0	0	2,022	515	0	0	6	16	0	28	0	0	0	0	0	0	0	0	0	78	1	0	2	0	0	6	0	10	0	0	0	6	0	0	0	9	0	6	3	0	0	2	4	5	0	0	0	0	0	0	0	0	0	0	0	0	1	0	15	0	0	0	0	0	0	0	0	0	0	0	0	0	0	0	0	0	0	0	0	0	0	2,759	0	2,759	
Bahamas, The	31	71	1	2	12,724	6	0	0	7	180	0	30	0	0	0	0	4	0	0	0	0	1,052	25	0	10	11	0	14	0	102	0	0	0	0	3	15	2	55	10	16	1	0	0	25	15	50	2	0	0	0	0	0	0	0	0	0	0	8	0	0	17	0	2	0	0	6	2	0	0	0	0	1	0	0	0	0	0	0	0	0	0	0	0	14,500	0	14,500	
Barbados	10	49	0	7	8,697	2,116	0	0	12	58	0	34	0	0	0	0	0	0	0	0	0	162	2	0	2	4	0	33	0	32	0	0	0	14	0	8	8	37	2	6	1	0	0	7	4	6	0	0	0	0	0	0	0	0	0	0	0	7	6	0	36	0	1	0	0	1	0	0	0	0	0	0	0	0	0	0	0	0	0	0	0	0	0	11,362	0	11,362	
Belize	10	87	0	4	4,126	4	0	0	78	10	0	83	0	0	0	0	0	0	0	0	0	160	2	0	1	0	0	4	0	20	0	0	23	276	0	3	0	43	1	10	2	1	0	2	0	9	0	0	0	0	0	0	0	0	0	0	0	0	1	0	0	0	40	0	6	1	0	0	0	0	0	0	0	0	0	0	0	0	0	1	8	0	0	5,016	0	5,016	
Canada	165	99	0	29	501	4	0	0	0	32	0	2	1	0	0	603	3,004	0	0	61	0	365	29	0	32	17	0	518	1	67	0	0	2	4	3	167	26	189	80	1,000	58	0	0	131	249	22	1	0	0	648	0	6	0	4	0	0	0	46	28	37	60	1	9	2	5	32	12	0	0	0	122	45	0	0	0	0	0	0	0	0	0	0	0	8,519	0	8,519	
Costa Rica	38	212	1	15	71,710	6	0	0	72	213	0	111	0	0	1	6	15	0	0	0	0	546	30	0	6	24	0	124	0	96	0	0	116	290	4	53	15	609	48	128	49	2	0	267	219	22	0	0	0	0	0	0	0	0	0	0	0	18	4	1	21	0	0	0	0	14	4	0	0	0	0	6	0	0	0	0	0	0	0	0	0	0	0	75,116	0	75,116	
Cuba	120	272	0	2,424	2,211	7,583	0	0	10	18	0	2	0	0	6	0	3	0	0	0	0	53	5	0	104	127	0	39	0	3	0	0	0	0	0	7	15	98	22	243	39	1	0	4	7	0	0	0	0	0	0	0	0	0	0	0	0	18	31	0	383	1	425	9	0	2	6	0	0	0	0	0	0	0	0	0	0	0	0	0	0	0	0	14,291	0	14,291	
Dominica	5	18	0	4	1,149	192	0	0	4	30	0	22	0	0	0	0	0	0	0	0	0	119	2	0	0	1	0	2	0	15	0	0	0	0	0	2	0	13	0	10	1	0	0	0	0	2	0	0	0	0	0	0	0	0	0	0	0	3	0	0	9	0	0	0	0	0	0	0	0	0	0	0	0	0	0	0	0	0	0	0	0	0	0	1,603	0	1,603	
Dominican Republic	54	478	5	411	136,057	56	0	0	160	368	0	27	0	0	30	0	8	0	0	0	0	865	38	0	34	35	0	86	11	137	0	0	52	181	1	54	228	2,609	35	1,940	634	5	0	58	81	17	0	0	0	0	0	0	0	0	0	1	0	33	54	13	1,383	0	10	67	0	53	35	0	0	0	0	4	0	0	2	0	0	0	3	1	28	0	0	146,442	0	146,442	
El Salvador	26	768	0	446	46,850	82	0	0	155	244	0	304	0	0	0	0	0	0	0	0	0	499	16	0	34	72	1	70	8	63	0	0	61	572	3	26	23	271	19	253	58	1	0	51	52	10	0	0	0	0	0	0	0	0	0	0	0	4	0	0	131	0	0	0	0	33	5	0	0	0	0	5	0	1	16	7	8	6	4	5	189	3	19	51,474	0	51,474	
Grenada	0	25	0	3	1,554	372	0	0	4	50	0	28	0	0	0	0	3	0	0	0	0	64	3	0	3	1	0	4	0	20	0	0	0	0	0	6	3	41	0	7	1	0	0	0	0	1	0	0	0	0	0	0	0	0	0	0	0	0	0	0	4	0	1	0	0	0	0	0	0	0	0	0	0	0	0	0	0	0	0	0	0	0	0	2,198	0	2,198	
Guatemala	91	661	2	147	52,326	10	0	0	55	149	0	163	0	0	1	0	5	0	0	0	0	502	11	0	16	12	1	85	9	84	0	0	1,680	3,654	9	54	25	262	35	160	41	2	0	50	64	37	9	0	0	0	0	0	0	0	0	0	0	17	4	6	90	1	33	0	1	33	11	0	0	0	0	2	0	4	19	1	6	0	10	14	178	1	2	60,845	0	60,845	
Haiti	124	220	3	12	41,738	10	0	0	149	161	0	216	0	0	0	0	2	0	0	0	0	366	11	0	17	64	0	53	2	8	0	0	65	0	0	2	120	195	9	1,341	257	3	0	1	0	4	0	0	0	0	0	0	0	0	0	0	0	1	1	0	11	0	136	0	0	22	0	0	0	0	0	1	0	1	3	0	0	0	1	0	0	0	0	45,330	0	45,330	
Honduras	64	286	3	295	48,177	386	0	0	164	1,483	0	60	0	0	8	15	45	0	0	0	0	716	33	0	8	5	0	49	5	84	0	0	400	828	3	31	28	260	31	300	106	0	0	46	48	2	0	0	0	0	0	0	0	0	0	0	0	2	0	0	121	0	5	2	0	20	22	0	0	0	0	3	0	3	21	5	11	0	8	2	209	0	8	54,411	0	54,411	
Jamaica	22	198	2	165	94,458	35	0	0	72	1,104	0	189	0	0	1	0	21	0	0	0	0	1,166	60	0	7	31	0	67	5	143	0	0	4,295	9,570	1	64	18	7,115	272	517	119	2	0	37	34	23	16	0	0	0	0	0	0	0	0	0	0	44	170	7	96	1	86	3	0	18	4	0	0	0	0	0	0	0	0	0	0	0	1	0	2	1	0	120,262	0	120,262	
Mexico	650	3,107	22	4,274	19,802	800	1,060,390	46,333	289	3,735	0	4	1	0	8	1,130	2,621	0	0	7	0	11,678	509	0	140	210	0	916	19	2,540	0	0	123,231	61,128	96	2,161	680	9,204	417	1,786	440	5	1	4,856	6,173	284	27	0	0	6	0	0	0	0	0	0	0	509	855	167	3,838	1	205	122	154	463	59	0	0	0	14,646	8,863	0	6	34	6	5	0	84	48	375	31	28	1,400,179	0	1,400,179	
Nicaragua	22	79	2	147	16,726	31	0	0	362	450	0	113	0	0	0	0	7	0	0	0	0	170	16	0	6	7	0	52	11	22	0	0	388	101	1	8	36	151	6	164	29	0	0	10	14	0	0	0	0	0	0	0	0	0	0	0	0	2	1	2	72	0	7	0	0	13	0	0	0	0	0	1	0	0	1	0	0	0	0	0	24	0	0	19,254	0	19,254	
Panama	12	548	0	87	32,125	4	0	0	61	800	0	51	0	0	0	1	10	0	0	0	0	1,079	13	0	10	24	0	33	1	38	0	0	3	75	1	23	28	598	18	41	9	1	0	27	38	61	2	0	0	0	0	0	0	0	0	0	0	9	0	1	75	0	0	8	0	6	0	0	0	0	0	4	0	0	0	0	0	0	0	0	0	0	0	35,925	0	35,925	
Saint Kitts and Nevis	2	25	0	0	1,737	312	0	0	5	4	0	23	0	0	0	0	0	0	0	0	0	65	2	0	2	1	0	8	0	5	0	0	0	0	0	1	2	8	0	2	0	0	0	4	2	0	0	0	0	0	0	0	0	0	0	0	0	2	0	0	4	0	0	0	0	1	0	0	0	0	0	0	0	0	0	0	0	0	0	0	0	0	0	2,217	0	2,217	
Saint Lucia	4	16	0	15	2,690	581	0	0	15	226	0	6	0	0	0	0	0	0	0	0	0	79	1	0	4	4	0	7	0	16	0	0	0	0	0	4	0	19	2	16	6	0	0	1	3	2	0	0	0	0	0	0	0	0	0	0	0	0	0	0	4	0	0	0	0	1	0	0	0	0	0	0	0	0	0	0	0	0	0	0	0	0	0	3,722	0	3,722	
Saint Vincent and the Grenadines	9	29	0	118	1,547	241	0	0	16	271	0	25	0	0	1	0	0	0	0	0	0	41	0	0	6	1	0	2	0	8	0	0	0	0	0	1	0	7	0	4	0	0	0	0	0	3	0	0	0	0	0	0	0	0	0	0	0	0	1	0	7	0	0	0	0	1	0	0	0	0	0	0	0	0	0	0	0	0	0	0	0	0	0	2,339	0	2,339	
Trinidad and Tobago	45	115	0	211	29,950	19	0	0	100	216	0	51	0	0	0	0	4	0	0	1	0	424	4	0	13	19	0	123	0	124	0	0	0	0	7	25	10	144	19	65	7	3	0	79	78	38	0	0	0	0	0	0	0	0	0	0	0	15	15	3	136	0	153	2	0	4	2	0	0	0	0	0	0	0	0	0	0	0	0	0	1	0	0	32,225	0	32,225	
																																																																																							
Totals for North America	1,510	7,381	41	8,816	628,877	13,365	1,060,390	46,333	1,796	9,818	0	1,572	2	0	56	1,755	5,752	0	0	69	0	20,249	813	0	457	670	2	2,295	72	3,637	0	0	130,316	76,699	132	2,715	1,267	21,937	1,026	8,015	1,861	26	1	5,658	7,085	598	57	0	0	654	0	6	0	4	0	1	0	738	1,172	237	6,513	5	1,113	215	166	724	162	0	0	0	14,768	8,935	0	15	96	19	30	6	111	71	1,014	36	57	2,109,989	0	2,109,989	
																																																																																						
Oceania																																																																																							
Australia	141	4,661	4	108	12,872	32	0	0	27	2,231	0	296	3	0	5	19	406	0	5,609	3,550	2,026	2,579	70	0	23	65	0	240	0	412	0	0	23	36	5	233	317	5,423	249	426	17	2	0	1,359	1,393	171	19	0	0	0	0	0	0	0	0	0	0	793	270	131	680	2	15	22	0	73	28	0	0	0	0	17	0	0	0	0	0	0	0	0	0	0	0	47,083	0	47,083	
Fiji	11	116	0	7	3,999	110	0	0	216	160	0	34	1	0	0	0	0	0	0	0	0	23	1	0	12	7	0	79	0	2	0	0	0	0	0	0	3	39	1	17	3	0	0	3	6	2	0	0	0	0	0	0	0	0	0	0	0	0	0	0	2	0	14	3	0	4	5	0	0	0	0	0	0	0	0	0	0	0	0	0	1	0	0	4,881	0	4,881	
Kiribati	12	56	0	0	143	3	0	0	10	295	0	8	0	0	0	0	0	0	0	0	0	1	0	0	1	4	0	5	0	0	0	0	0	0	0	0	0	24	0	0	0	0	0	0	0	0	0	0	0	0	0	0	0	0	0	0	0	0	0	0	0	0	0	0	0	19	0	0	0	0	0	0	0	0	0	0	0	0	0	0	0	0	0	581	0	581	
Marshall Islands	11	3	0	0	15	0	0	0	15	0	0	0	0	0	0	0	0	0	0	0	0	2	0	0	0	0	0	0	0	0	0	0	0	0	0	0	0	1	0	0	0	0	0	0	0	0	0	0	0	0	0	0	0	0	0	0	0	0	0	0	0	0	0	0	0	0	0	0	0	0	0	0	0	0	0	0	0	0	0	0	0	0	0	47	0	47	
Micronesia, Federated States of	10	6	0	0	3	0	0	0	1	0	0	0	0	0	0	0	0	0	0	0	0	0	0	0	1	0	0	1	0	0	0	0	0	0	0	0	0	2	0	0	0	0	0	0	0	0	0	0	0	0	0	0	0	0	0	0	0	0	0	0	0	0	0	0	0	0	0	0	0	0	0	0	0	0	0	0	0	0	0	0	0	0	0	24	0	24	
Nauru	1	39	0	1	90	0	0	0	0	12	0	2	0	0	0	0	0	0	0	0	0	0	0	0	4	3	0	0	0	0	0	0	0	0	0	0	1	1	0	0	0	0	0	0	0	0	0	0	0	0	0	0	0	0	0	0	0	0	0	0	0	0	0	0	0	0	0	0	0	0	0	0	0	0	0	0	0	0	0	0	0	0	0	154	0	154	
New Zealand	31	1,079	2	39	3,551	140	0	0	19	834	0	821	0	0	1	1	9	0	0	55	0	701	21	0	12	89	0	70	1	157	0	0	102	34	4	78	119	2,023	89	109	3	0	0	364	315	48	0	0	0	1	0	0	0	0	0	0	0	172	83	34	125	0	8	6	0	42	10	0	0	0	0	2	0	0	0	0	0	0	1	0	0	0	0	11,405	0	11,405	
Palau	3	4	0	0	16	0	0	0	0	0	0	0	0	0	0	0	0	0	0	0	0	0	0	0	0	1	0	5	0	0	0	0	0	0	0	0	0	3	0	0	0	0	0	0	0	0	0	0	0	0	0	0	0	0	0	0	0	0	0	0	0	0	0	0	0	0	0	0	0	0	0	0	0	0	0	0	0	0	0	0	0	0	0	32	0	32	
Papua New Guinea	20	126	0	28	555	1	0	0	44	0	0	55	0	0	6	0	0	0	0	1	0	65	3	0	7	16	0	7	2	0	0	0	0	0	0	0	1	36	1	0	0	0	0	1	5	10	0	0	0	0	0	0	0	0	0	0	0	0	0	0	0	0	0	0	0	3	0	0	0	0	0	0	0	0	0	0	0	0	0	0	0	0	0	993	0	993	
Samoa	9	34	0	27	641	129	0	0	7	59	0	28	0	0	0	0	0	0	0	0	0	9	0	0	10	5	0	3	1	0	0	0	0	0	0	0	0	34	0	2	0	0	0	1	3	2	0	0	0	0	0	0	0	0	0	0	0	0	0	0	0	0	0	0	0	25	0	0	0	0	0	0	0	0	0	0	0	0	0	0	0	0	0	1,029	0	1,029	
Solomon Islands	5	40	0	0	246	0	0	0	7	11	0	0	0	0	0	0	0	0	0	0	0	6	0	0	1	7	0	8	0	0	0	0	0	0	0	0	0	9	0	0	0	0	0	0	0	0	0	0	0	0	0	0	0	0	0	0	0	0	0	0	0	0	0	0	0	0	0	0	0	0	0	0	0	0	0	0	0	0	0	0	0	0	0	340	0	340	
Tonga	13	97	3	3	2,051	137	0	0	2	8	0	8	0	1	0	0	0	0	0	0	0	16	0	0	0	2	0	6	0	0	0	0	0	0	0	1	1	68	3	10	0	0	0	0	0	0	0	0	0	0	0	0	0	0	0	0	0	0	0	0	0	0	0	0	0	39	1	0	0	0	0	0	0	0	0	0	0	0	0	0	0	0	0	2,470	0	2,470	
Tuvalu	7	29	0	0	35	0	0	0	0	10	0	15	0	0	0	0	0	0	0	0	0	0	0	0	2	4	0	2	0	0	0	0	0	0	0	0	0	3	0	0	0	0	0	0	0	0	0	0	0	0	0	0	0	0	0	0	0	0	0	0	0	0	0	0	0	0	0	0	0	0	0	0	0	0	0	0	0	0	0	0	0	0	0	107	0	107	
Vanuatu	2	42	0	0	71	0	0	0	3	0	0	8	0	0	0	0	0	0	0	0	0	1	0	0	4	12	0	2	0	0	0	0	0	0	0	0	0	6	1	1	0	0	0	0	0	0	0	0	0	0	0	0	0	0	0	0	0	0	0	0	0	0	0	0	0	1	0	0	0	0	0	0	0	0	0	0	0	0	0	0	0	0	0	154	0	154	
																																																																																							
Totals for Oceania	276	6,332	9	213	24,288	552	0	0	351	3,620	0	1,275	4	1	12	20	415	0	5,609	3,606	2,026	3,403	95	0	77	215	0	428	4	571	0	0	125	70	9	312	442	7,672	344	565	23	2	0	1,728	1,722	233	19	0	0	1	0	0	0	0	0	0	0	965	353	165	807	2	37	31	0	206	44	0	0	0	0	19	0	0	0	0	0	0	1	0	1	0	0	69,300	0	69,300	
																																																																																						
South America																																																																																							
Argentina	89	856	1	170	295,326	31	0	0	69	997	0	144	1	3	1	39	683	0	0	4	0	1,482	101	0	45	114	1	316	5	336	0	0	4	43	5	174	249	4,393	212	118	9	0	0	695	762	53	0	0	0	0	0	0	0	0	0	0	0	226	109	114	328	0	166	83	0	41	23	0	0	0	0	12	0	0	0	0	0	0	0	0	0	0	0	308,633	0	308,633	
Bolivia	49	73	1	70	26,534	26	0	0	66	59	0	29	0	0	0	0	1	0	0	0	0	529	26	0	23	57	0	216	8	60	0	0	1	0	1	20	29	328	14	62	20	0	0	28	23	10	2	0	0	0	0	0	0	0	0	2	0	6	0	3	8	0	39	3	0	7	2	0	0	0	0	5	0	0	0	0	0	0	0	0	1	0	0	28,441	0	28,441	
Brazil	211	2,676	24	2,540	450,166	158	0	0	97	2,734	0	2,382	0	0	6	12	266	0	0	8	0	10,978	2,889	0	90	272	1	840	21	1,253	0	0	22	90	34	809	484	9,216	1,289	655	76	2	1	4,150	5,322	251	36	0	0	1	0	0	0	0	0	0	1	1,162	150	412	1,192	0	82	115	152	170	101	0	0	0	0	27	0	0	3	0	0	0	4	2	6	1	0	503,642	0	503,642	
Chile	38	1,927	1	263	3,577	11	0	0	9	1,035	0	395	0	0	0	31	116	0	0	0	0	1,818	420	0	26	81	0	107	3	136	609	0	20	54	1	516	137	1,881	324	63	8	0	0	163	296	26	0	0	0	0	0	0	0	0	0	0	0	59	12	35	61	0	3	11	0	29	9	0	0	0	0	10	0	0	0	0	0	0	0	0	1	0	0	14,322	0	14,322	
Colombia	104	3,071	7	602	374,398	48	0	0	205	1,708	3	15	0	0	0	67	465	0	0	2	0	4,994	324	0	111	60	0	312	33	633	0	0	1	42	9	314	183	5,035	302	1,195	393	1	0	486	581	319	1	0	0	0	0	0	0	0	0	0	0	155	131	74	450	0	79	23	1	108	15	0	0	0	0	21	0	0	0	0	0	0	2	0	3	0	0	397,086	0	397,086	
Ecuador	80	240	2	277	150,163	21	0	0	293	260	0	23	0	0	6	1	62	0	0	3	0	1,681	95	0	14	23	0	119	12	127	0	0	8	13	3	59	55	1,810	64	228	67	2	0	93	126	105	1	0	0	1	0	0	0	0	0	0	0	20	1	7	21	0	21	1	0	18	7	0	0	0	0	5	0	0	2	2	0	0	7	5	73	0	0	156,327	0	156,327	
Guyana	29	91	0	8	50,706	31	0	0	84	226	0	98	0	0	0	0	1	0	0	0	0	117	4	0	2	1	0	27	0	7	0	0	0	0	0	3	11	42	3	89	19	0	0	1	6	15	0	0	0	0	0	0	0	0	0	0	0	0	0	0	16	0	1	0	0	6	0	0	0	0	0	1	0	0	0	0	0	0	0	0	1	0	0	51,646	0	51,646	
Paraguay	26	195	3	187	10,860	0	0	0	8	28	0	107	0	0	0	4	2	0	0	0	0	283	14	0	10	58	0	37	14	16	0	0	0	0	0	11	27	509	11	22	1	0	0	7	14	5	0	0	0	0	0	0	0	0	0	0	0	4	1	5	9	0	0	1	0	8	4	0	0	0	0	0	0	0	0	0	0	0	0	0	0	0	0	12,491	0	12,491	
Peru	89	983	8	1,085	79,927	424	0	0	308	1,584	0	135	0	0	0	2	14	0	0	0	0	1,737	88	0	32	22	0	238	59	232	0	0	874	20	3	88	91	5,815	61	423	78	0	0	131	118	92	2	0	0	0	0	0	0	0	0	0	0	32	1	13	79	3	267	2	5	47	5	0	0	0	0	9	0	0	3	0	0	0	5	3	15	0	0	95,252	0	95,252	
Suriname	27	70	0	0	4,162	0	0	0	2	18	0	33	0	0	0	3	1	0	0	0	0	44	2	0	4	20	0	11	0	5	0	0	0	0	0	2	0	29	0	6	0	0	0	0	0	10	0	0	0	0	0	0	0	0	0	0	0	1	0	0	0	0	0	1	0	3	0	0	0	0	0	0	0	0	0	0	0	0	0	0	0	0	0	4,454	0	4,454	
Uruguay	22	174	1	57	27,939	3	0	0	15	123	0	4	1	0	0	0	12	0	0	1	0	201	15	0	32	12	0	81	5	40	0	0	38	1	0	13	31	257	37	16	4	0	0	62	62	4	0	0	0	0	0	0	0	0	0	0	0	25	5	10	6	0	2	1	0	2	1	0	0	0	0	0	0	0	0	0	0	0	0	0	0	0	0	29,315	0	29,315	
Venezuela	16	17	1	962	144,283	86	0	0	125	567	0	1	0	0	8	3	458	0	0	0	0	3,636	503	0	16	350	0	161	3	494	0	0	0	0	1	286	83	464	115	164	33	0	0	718	1,129	69	4	0	0	0	0	0	0	0	0	2	1	190	77	193	884	0	9	175	0	33	21	0	0	0	0	19	0	0	0	0	0	0	0	0	1	0	0	156,361	0	156,361	
																																																																																							
Totals for South America	780	10,373	49	6,221	1,618,041	839	0	0	1,281	9,339	3	3,366	2	3	21	162	2,081	0	0	18	0	27,500	4,481	0	405	1,070	2	2,465	163	3,339	609	0	968	263	57	2,295	1,380	29,779	2,432	3,041	708	5	1	6,534	8,439	959	46	0	0	2	0	0	0	0	0	4	2	1,880	487	866	3,054	3	669	416	158	472	188	0	0	0	0	109	0	0	8	2	0	0	18	10	101	1	0	1,757,970	0	1,757,970	
																																																																																						
Unknown																																																																																							
No Nationality	0	4	1	22	2,674	9	0	0	4	511	0	0	2	0	0	0	2	0	0	0	0	144	13	0	1	1	0	0	0	4	0	0	0	0	0	10	3	25	3	31	1	0	0	4	2	0	0	0	0	0	0	0	0	0	0	0	0	0	0	1	2	0	8	1	0	2	0	0	0	0	0	0	0	0	0	0	0	0	0	0	0	0	0	3,485	0	3,485	
United Nations Laissez-Passer	0	0	0	0	0	0	0	0	0	0	0	0	0	0	0	0	0	0	0	0	0	0	0	0	0	0	0	153	0	0	0	0	0	0	0	0	0	0	0	0	0	0	0	0	0	0	0	0	0	0	0	0	0	0	0	0	0	0	0	0	0	0	0	0	0	0	0	0	0	0	0	0	0	0	0	0	0	0	0	0	0	0	0	153	0	153	
Totals for Unknown	0	4	1	22	2,674	9	0	0	4	511	0	0	2	0	0	0	2	0	0	0	0	144	13	0	1	1	0	153	0	4	0	0	0	0	0	10	3	25	3	31	1	0	0	4	2	0	0	0	0	0	0	0	0	0	0	0	0	0	0	1	2	0	8	1	0	2	0	0	0	0	0	0	0	0	0	0	0	0	0	0	0	0	0	3,638	0	3,638	
																																																																																						
Grand Totals	10,754	101,778	1,049	40,105	6,881,797	43,564	1,060,390	46,333	11,992	295,140	15	9,073	8,093	879	6,322	8,085	44,243	67	5,609	4,299	2,026	471,728	30,486	0	5,168	15,906	386	22,756	598	180,057	1,294	0	134,368	84,627	1,435	131,051	14,536	339,712	40,408	38,403	5,727	102	20	79,306	85,872	10,305	389	0	10	5,588	2	168	42	525	1	16	5	15,918	7,417	4,836	24,858	72	9,580	1,185	2,025	4,764	1,660	0	0	1	14,768	9,762	0	89	310	26	40	7	146	113	1,204	40	60	10,381,491	0	10,381,491	
																										
																										
																										
																				
																									
											
											
											

											
																																													
																																													
																																													

																																													
