Fiscal Year 2017	A-1	A-2	A-3	B-1	B-1,2	B-2	B-1,2/BCC	B-1,2/BCV	C-1	C-1/D	C-2	C-3	CW-1	CW-2	D	E-1	E-2	E-2C	E-3	E-3D	E-3R	F-1	F-2	F-3	G-1	G-2	G-3	G-4	G-5	H-1B	H-1B1	H-1C	H-2A	H-2B	H-3	H-4	I	J-1	J-2	K-1	K-2	K-3	K-4	L-1	L-2	M-1	M-2	M-3	NATO-1	NATO-2	NATO-3	NATO-4	NATO-5	NATO-6	NATO-7	N-8	N-9	O-1	O-2	O-3	P-1	P-2	P-3	P-4	Q-1	R-1	R-2	S-5	S-6	S-7	TN	TD	T-1	T-2	T-3	T-4	T-5	T-6	U-1	U-2	U-3	U-4	U-5	Total Visas	BCC	Grand Total	
Algeria	26	306	0	84	11,898	19	0	0	9	2	0	0	0	0	82	0	1	0	0	0	0	203	6	0	39	57	0	53	0	12	0	0	0	0	0	6	9	258	27	55	1	0	0	24	23	93	0	0	0	0	0	0	0	0	0	0	0	2	0	2	25	0	0	0	0	0	0	0	0	0	0	1	0	0	0	0	0	0	0	0	0	0	0	13,323	0	13,323	
Angola	81	93	0	7	4,786	793	0	0	11	125	0	1	0	0	0	0	1	0	0	0	0	672	47	0	69	97	0	9	1	5	0	0	0	0	1	2	18	61	5	3	0	0	0	32	41	11	0	0	0	0	0	0	0	0	0	0	0	3	0	0	1	0	0	0	0	1	0	0	0	0	0	0	0	0	0	0	0	0	0	0	0	0	0	6,977	0	6,977	
Benin	22	88	2	4	1,426	2	0	0	8	0	0	8	0	0	6	0	0	0	0	0	0	136	5	0	25	80	0	65	0	9	0	0	0	0	0	6	2	40	0	12	0	0	0	1	0	0	0	0	0	0	0	0	0	0	0	0	0	1	0	1	0	0	0	0	0	4	0	0	0	0	0	0	0	0	0	0	0	0	0	0	0	0	0	1,953	0	1,953	
Botswana	12	146	2	10	963	0	0	0	47	17	0	3	0	0	0	0	0	0	0	0	0	70	6	0	7	73	0	17	4	2	0	0	1	0	0	0	0	100	0	0	0	0	0	1	1	2	0	0	0	0	0	0	0	0	0	1	0	0	0	0	3	0	0	0	13	0	0	0	0	0	0	0	0	0	0	0	0	0	0	0	0	0	0	1,501	0	1,501	
Burkina Faso	21	101	1	4	2,186	7	0	0	1	0	0	11	0	0	0	0	0	0	0	0	0	305	7	0	18	70	0	88	0	11	0	0	0	0	0	0	6	57	0	13	3	0	0	1	5	0	0	0	0	0	0	0	0	0	0	1	0	0	0	0	10	0	0	0	0	2	0	0	0	0	0	0	0	0	0	0	0	0	0	0	0	0	0	2,929	0	2,929	
Burundi	9	17	0	1	1,364	7	0	0	7	0	0	1	0	0	0	0	0	0	0	0	0	135	0	0	8	30	0	69	1	0	0	0	0	0	0	0	1	25	3	9	1	0	0	0	0	0	0	0	0	0	0	0	0	0	0	0	0	0	0	0	2	0	0	0	0	3	0	0	0	0	0	0	0	0	0	0	0	0	0	0	0	0	0	1,693	0	1,693	
Cabo Verde	18	47	1	3	2,112	2	0	0	1	31	0	9	0	0	0	0	0	0	0	0	0	42	2	0	3	32	0	1	1	0	0	0	0	0	0	0	3	17	2	74	21	0	0	0	0	4	0	0	0	0	0	0	0	0	0	0	0	2	0	0	0	0	21	0	0	2	3	0	0	0	0	0	0	0	0	0	0	0	0	0	0	0	0	2,454	0	2,454	
Cameroon	14	412	1	10	9,707	18	0	0	7	24	0	1	0	0	1	0	5	0	0	0	0	1,084	15	0	19	225	0	159	1	46	0	0	0	0	2	14	12	179	42	171	17	0	0	18	14	9	0	0	0	0	0	0	0	0	0	0	0	1	2	0	19	0	8	0	0	18	0	0	0	0	0	0	0	0	0	0	0	0	0	0	0	0	0	12,275	0	12,275	
Central African Republic	17	19	0	1	152	0	0	0	0	0	0	0	0	0	0	0	0	0	0	0	0	14	0	0	11	47	0	6	0	0	0	0	0	0	0	0	0	11	0	0	0	0	0	0	2	0	0	0	0	0	0	0	0	0	0	0	0	0	0	0	0	0	0	0	0	1	0	0	0	0	0	0	0	0	0	0	0	0	0	0	0	0	0	281	0	281	
Chad	38	133	2	199	162	571	0	0	6	0	0	0	0	0	0	0	0	0	0	0	0	80	0	0	32	72	2	51	0	2	0	0	0	0	0	0	1	29	0	1	0	0	0	0	0	0	0	0	0	0	0	0	0	0	0	0	0	0	0	0	0	0	0	0	0	0	0	0	0	0	0	1	0	0	0	0	0	0	0	0	0	0	0	1,382	0	1,382	
Comoros	7	6	1	1	96	4	0	0	0	0	0	0	0	0	0	0	0	0	0	0	0	1	1	0	10	32	0	10	0	0	0	0	0	0	0	0	1	7	1	1	0	0	0	0	0	0	0	0	0	0	0	0	0	0	0	0	0	0	0	0	0	0	0	0	0	0	0	0	0	0	0	0	0	0	0	0	0	0	0	0	0	0	0	179	0	179	
Congo, Dem. Rep. of the (Kinshasa)	21	128	0	12	6,555	14	0	0	14	7	0	6	0	0	0	0	1	0	0	0	0	524	8	0	25	295	0	118	0	9	0	0	0	1	0	0	0	72	10	25	5	0	0	6	0	9	0	0	0	0	0	0	0	0	0	0	0	5	22	0	2	0	12	0	0	20	1	0	0	0	0	0	0	0	0	0	0	0	0	0	2	0	0	7,929	0	7,929	
Congo, Rep. of the (Brazzaville)	16	47	10	0	1,031	5	0	0	0	3	0	0	0	0	0	0	0	0	0	0	0	97	0	0	47	160	0	45	0	1	0	0	0	0	1	1	2	26	0	6	0	0	0	1	5	1	0	0	0	0	0	0	0	0	0	0	0	0	0	0	0	0	0	0	0	0	0	0	0	0	0	0	0	0	0	0	0	0	0	0	0	0	0	1,505	0	1,505	
Cote d'Ivoire	60	259	6	47	5,034	295	0	0	7	17	0	4	0	0	0	0	0	0	0	0	0	402	7	0	12	106	0	112	3	22	0	0	0	0	0	6	5	103	12	53	4	0	0	12	8	1	0	0	0	0	0	0	0	0	0	0	0	0	0	0	5	0	1	2	0	3	3	0	0	0	0	1	0	0	0	0	0	0	0	0	0	0	0	6,612	0	6,612	
Djibouti	8	82	1	14	956	86	0	0	0	0	0	0	0	0	0	0	0	0	0	0	0	15	0	0	0	21	0	8	0	0	0	0	0	0	0	1	0	27	0	0	0	0	0	0	0	0	0	0	0	0	0	0	0	0	0	0	0	0	0	0	1	0	0	0	0	0	0	0	0	0	0	0	0	0	0	0	0	0	0	0	0	0	0	1,220	0	1,220	
Egypt	134	2,231	39	263	54,216	727	0	0	14	818	2	2	0	0	1	0	101	0	0	1	0	1,071	237	0	34	291	0	234	0	197	0	0	22	0	0	170	158	1,295	381	279	2	0	0	217	297	49	1	0	0	0	0	0	0	0	0	0	0	39	11	24	1	0	23	0	0	22	33	0	0	0	0	10	0	0	0	0	0	0	0	0	0	0	0	63,647	0	63,647	
Equatorial Guinea	25	58	0	1	592	2	0	0	0	0	0	7	0	0	0	0	0	0	0	0	0	103	0	0	37	117	0	14	9	0	0	0	0	0	2	0	0	8	0	1	0	0	0	1	0	0	0	0	0	0	0	0	0	0	0	0	0	0	0	0	0	0	0	0	0	0	0	0	0	0	0	0	0	0	0	0	0	0	0	0	0	0	0	977	0	977	
Eritrea	1	2	23	73	2,485	14	0	0	3	0	0	0	0	0	1	0	0	0	0	0	0	157	3	0	5	12	0	19	0	2	0	0	0	0	0	2	0	10	0	86	2	0	0	0	0	3	0	0	0	0	0	0	0	0	0	0	0	0	0	0	1	0	0	0	0	3	0	0	0	0	0	0	0	0	2	0	0	0	0	0	0	0	0	2,909	0	2,909	
Ethiopia	49	122	8	124	14,261	20	0	0	12	1,304	0	12	0	0	54	1	4	0	0	0	0	1,250	42	0	62	124	0	466	2	41	0	0	0	0	0	19	12	282	39	369	37	0	0	10	11	3	0	0	0	0	0	0	0	0	0	0	0	1	0	0	54	0	14	4	0	6	4	0	0	0	0	0	0	1	2	0	0	0	0	0	0	0	0	18,826	0	18,826	
Gabon	26	82	3	2	1,407	9	0	0	3	0	0	0	0	0	1	0	1	0	0	0	0	118	0	0	4	103	0	8	0	6	0	0	0	0	0	0	0	18	0	2	0	0	0	2	1	0	0	0	0	0	0	0	0	0	0	0	0	0	0	0	0	0	0	0	0	0	0	0	0	0	0	0	0	0	0	0	0	0	0	0	0	0	0	1,796	0	1,796	
Gambia, The	13	3	0	0	779	3	0	0	10	0	0	0	0	0	12	0	0	0	0	0	0	42	1	0	9	91	0	37	1	3	0	0	0	0	0	0	0	26	0	39	4	0	0	0	0	0	0	0	0	0	0	0	0	0	0	0	0	0	0	0	0	0	0	0	0	2	1	0	0	0	0	0	0	0	0	0	0	0	0	1	1	0	0	1,078	0	1,078	
Ghana	39	178	1	34	10,326	17	0	0	17	166	0	8	0	0	1	0	0	0	0	0	0	1,092	60	0	47	244	0	169	0	118	0	0	0	0	2	47	29	547	32	250	14	1	0	34	18	10	0	0	0	0	0	0	0	0	0	1	0	4	2	2	37	0	39	0	0	76	9	0	0	0	0	0	0	0	0	2	4	0	0	0	0	0	0	13,677	0	13,677	
Guinea	5	90	1	25	1,875	23	0	0	0	1	0	1	0	0	0	0	0	0	0	0	0	57	1	0	0	117	0	28	0	1	0	0	0	0	0	1	4	35	1	37	2	0	0	0	0	0	0	0	0	0	0	0	0	0	0	0	0	0	0	0	31	0	6	0	0	0	0	0	0	0	0	0	0	0	1	0	0	0	0	0	0	0	0	2,343	0	2,343	
Guinea-Bissau	1	9	0	0	66	0	0	0	0	0	0	4	0	0	0	0	0	0	0	0	0	5	0	0	2	48	0	5	0	0	0	0	0	0	0	0	0	8	0	1	0	0	0	0	0	0	0	0	0	0	0	0	0	0	0	0	0	0	0	0	1	0	0	0	0	0	0	0	0	0	0	0	0	0	0	0	0	0	0	0	0	0	0	150	0	150	
Kenya	53	745	4	58	20,706	45	0	0	76	525	1	16	0	0	0	0	2	0	0	0	0	1,345	63	0	31	308	0	554	7	105	0	0	0	0	0	22	23	471	41	177	47	0	0	33	30	25	0	0	0	0	0	0	0	0	0	0	0	8	0	0	49	0	33	4	0	52	13	0	0	0	0	2	0	0	0	0	0	0	0	0	3	0	0	25,677	0	25,677	
Lesotho	14	17	0	3	156	2	0	0	15	2	0	9	0	0	0	0	0	0	0	0	0	11	0	0	1	37	0	23	0	1	0	0	0	0	0	0	0	39	0	2	0	0	0	0	0	0	0	0	0	0	0	0	0	0	0	0	0	0	0	0	0	0	0	0	1	0	0	0	0	0	0	0	0	0	0	0	0	0	0	0	0	0	0	333	0	333	
Liberia	29	206	1	9	2,916	5	0	0	3	0	1	6	0	0	0	0	0	0	0	0	0	162	9	0	17	140	1	38	0	0	0	0	0	0	0	0	1	91	6	108	29	0	0	0	0	0	0	0	0	0	0	0	0	0	0	0	0	1	1	0	0	0	15	0	0	4	2	0	0	0	0	0	0	0	1	0	0	0	0	0	0	0	0	3,802	0	3,802	
Libya	110	61	0	5	806	6	0	0	3	0	0	0	0	0	6	0	0	0	0	0	0	119	106	0	107	46	0	26	0	17	0	0	0	0	0	16	1	64	10	15	1	0	0	9	17	0	0	0	0	0	0	0	0	0	0	0	0	0	0	0	0	0	1	0	0	0	0	0	0	0	0	0	0	0	0	0	0	0	0	0	0	0	0	1,552	0	1,552	
Madagascar	24	62	0	4	1,086	0	0	0	141	0	0	10	0	0	278	0	0	0	0	0	0	91	7	0	32	91	0	136	2	12	0	0	0	0	1	6	3	54	1	10	2	0	0	1	1	2	0	0	0	0	0	0	0	0	0	0	0	0	1	0	0	0	0	0	0	1	0	0	0	0	0	0	0	0	0	0	0	0	0	0	0	0	0	2,059	0	2,059	
Malawi	5	129	0	3	1,180	0	0	0	35	2	0	15	0	0	0	0	0	0	0	0	0	92	29	0	8	148	0	52	0	3	0	0	0	0	0	0	6	104	6	3	1	0	0	3	0	1	0	0	0	0	0	0	0	0	0	0	0	0	0	0	0	0	6	0	0	2	0	0	0	0	0	0	0	0	0	1	2	0	0	0	0	0	0	1,836	0	1,836	
Mali	12	205	1	4	1,804	4	0	0	7	2	1	40	0	0	0	0	0	0	0	0	0	110	0	0	14	116	0	47	1	2	0	0	0	0	0	2	10	77	2	12	2	0	0	0	0	0	0	0	0	0	0	0	0	0	0	0	0	2	1	0	18	0	41	0	0	0	0	0	0	0	0	0	0	0	0	0	0	0	0	0	0	0	0	2,537	0	2,537	
Mauritania	23	66	1	2	618	3	0	0	0	0	0	4	0	0	13	0	0	0	0	0	0	25	1	0	9	98	0	36	0	3	0	0	0	0	0	2	5	42	2	6	0	0	0	0	0	0	0	0	0	0	0	0	0	0	0	0	0	0	0	0	0	0	3	0	0	0	0	0	0	0	0	0	0	0	0	0	0	0	0	0	0	0	0	962	0	962	
Mauritius	10	27	0	3	2,146	4	0	0	12	917	0	0	0	0	1	0	1	0	0	0	0	83	3	0	4	25	0	29	0	18	0	0	0	0	0	8	3	61	5	6	0	0	0	11	3	1	0	0	0	0	0	0	0	0	0	0	0	3	0	0	0	0	1	0	0	0	0	0	0	0	0	1	0	0	0	0	0	0	0	0	0	0	0	3,386	0	3,386	
Morocco	41	970	20	64	12,250	16	0	0	12	455	0	14	0	0	7	2	7	0	0	0	0	546	11	0	22	188	0	101	6	33	0	0	0	0	2	15	30	579	37	237	2	2	0	32	23	6	0	0	0	0	0	0	0	0	0	0	0	8	0	0	31	0	13	0	9	0	1	0	0	0	0	3	0	0	0	0	0	0	0	0	0	0	0	15,795	0	15,795	
Mozambique	21	100	3	1	1,441	4	0	0	4	15	0	0	0	0	0	0	0	0	0	0	0	93	6	0	9	52	0	69	0	4	0	0	0	0	3	10	15	77	9	6	0	0	0	7	9	1	0	0	0	0	0	0	0	0	0	0	0	2	0	0	0	0	0	1	0	2	2	0	0	0	0	0	0	0	0	0	0	0	0	0	0	0	0	1,966	0	1,966	
Namibia	24	83	3	36	1,216	1	0	0	19	38	0	5	0	0	0	0	0	0	0	0	0	47	11	0	3	112	0	14	0	3	0	0	3	0	0	0	3	77	2	4	0	0	0	1	0	5	0	0	0	0	0	0	0	0	0	0	0	1	0	0	1	0	0	0	9	1	0	0	0	0	0	0	0	0	0	0	0	0	0	0	0	0	0	1,722	0	1,722	
Niger	27	166	4	17	1,243	2	0	0	0	0	0	11	0	0	0	0	0	0	0	0	0	108	3	0	46	72	0	60	1	3	0	0	0	0	0	1	0	61	2	6	0	0	0	1	0	0	0	0	0	0	0	0	0	0	0	0	0	0	0	0	0	0	3	0	0	0	0	0	0	0	0	0	0	0	0	0	0	0	0	0	1	0	0	1,838	0	1,838	
Nigeria	159	869	9	86	155,940	78	0	0	95	76	0	56	0	0	4	1	2	0	0	0	0	6,642	831	0	92	279	0	421	2	354	0	0	0	1	0	105	149	1,031	127	685	59	0	0	137	143	107	2	0	0	0	0	0	0	0	0	0	0	21	1	7	43	0	113	10	0	164	77	0	0	0	0	0	0	0	0	0	0	0	0	1	0	0	1	168,980	0	168,980	
Rwanda	4	141	2	0	1,426	2	0	0	3	2	0	18	0	0	2	0	0	0	0	1	0	473	4	0	10	17	0	58	1	10	0	0	0	0	0	3	1	91	8	31	6	0	0	6	5	5	0	0	0	0	0	0	0	0	0	1	0	0	0	0	0	0	0	0	0	7	0	0	0	0	0	0	0	0	0	0	0	0	0	0	0	0	0	2,338	0	2,338	
Sao Tome and Principe	2	13	0	3	22	0	0	0	0	0	0	0	0	0	0	0	0	0	0	0	0	1	0	0	6	17	0	1	0	0	0	0	0	0	0	0	0	7	0	0	0	0	0	0	0	0	0	0	0	0	0	0	0	0	0	0	0	0	0	0	0	0	0	0	0	0	0	0	0	0	0	0	0	0	0	0	0	0	0	0	0	0	0	72	0	72	
Senegal	65	195	0	7	3,823	3	0	0	3	0	0	17	0	0	40	0	3	0	0	0	0	238	8	0	41	148	0	205	5	16	0	0	0	0	0	6	21	150	7	48	6	0	0	7	5	1	0	0	0	0	0	0	0	0	0	0	0	3	16	0	6	0	4	0	0	0	0	0	0	0	0	0	0	0	0	0	0	0	1	1	0	0	0	5,099	0	5,099	
Seychelles	3	12	1	15	135	2	0	0	0	10	0	0	0	0	0	0	0	0	0	0	0	2	0	0	4	28	0	4	0	0	0	0	0	0	0	0	0	7	0	1	1	0	0	0	0	3	0	0	0	0	0	0	0	0	0	0	0	0	0	0	0	0	0	0	0	0	0	0	0	0	0	0	0	0	0	0	0	0	0	0	0	0	0	228	0	228	
Sierra Leone	13	127	0	7	1,873	5	0	0	23	6	0	0	0	0	0	0	0	0	0	0	0	83	9	0	19	12	0	38	3	3	0	0	0	0	0	1	1	58	0	120	14	0	0	1	2	1	0	0	0	0	0	0	0	0	0	0	0	0	0	0	0	0	0	0	0	0	0	0	0	0	0	0	0	0	0	0	0	0	0	0	0	0	0	2,419	0	2,419	
Somalia	6	3	1	0	119	2	0	0	0	0	0	0	0	0	0	0	0	0	0	0	0	32	0	0	5	17	0	29	0	0	0	0	0	0	0	0	0	23	0	37	2	0	0	0	0	0	0	0	0	0	0	0	0	0	0	0	0	0	0	0	0	0	0	0	0	0	0	0	0	0	0	0	0	0	0	0	0	0	0	0	0	0	0	276	0	276	
South Africa	66	532	5	367	46,427	667	0	0	128	2,378	0	47	0	0	2	2	17	0	0	9	0	1,058	37	0	22	179	0	212	4	187	0	0	2,800	1,538	8	164	60	2,677	75	131	8	0	0	685	657	87	11	0	0	1	0	0	0	0	0	0	0	137	34	79	178	1	35	9	33	46	37	0	0	0	0	0	0	0	0	0	0	0	0	0	2	0	0	61,839	0	61,839	
South Sudan	50	29	0	0	244	0	0	0	5	0	0	0	0	0	0	0	0	0	0	0	0	40	0	0	9	81	0	13	0	0	0	0	0	0	0	0	0	40	1	31	0	0	0	0	0	0	0	0	0	0	0	0	0	0	0	0	0	1	0	0	0	0	0	0	0	1	0	0	0	0	0	0	0	0	0	0	0	0	0	0	0	0	0	545	0	545	
Sudan	57	46	66	209	3,189	40	0	0	3	0	0	0	0	0	19	0	0	0	0	0	0	172	18	0	44	94	0	68	0	21	0	0	0	0	0	15	7	98	25	29	0	0	0	6	5	6	0	0	0	0	0	0	0	0	0	0	0	0	0	0	0	0	2	0	0	0	0	0	0	0	0	0	0	0	0	0	0	0	0	0	0	0	0	4,239	0	4,239	
Swaziland	4	28	1	1	376	1	0	0	0	2	0	40	0	0	0	0	0	0	0	0	0	61	0	0	13	93	0	7	1	5	0	0	1	0	0	1	3	34	0	2	0	0	0	0	0	2	0	0	0	0	0	0	0	0	0	0	0	0	0	0	1	0	0	0	0	0	0	0	0	0	0	0	0	0	0	0	0	0	0	0	0	0	0	677	0	677	
Tanzania	26	212	0	99	4,782	14	0	0	15	57	0	32	0	0	1	0	0	0	0	0	0	443	13	0	43	163	0	118	1	25	0	0	0	0	0	11	13	194	15	30	0	0	0	3	4	19	0	0	0	0	0	0	0	0	0	0	0	1	0	0	18	0	12	0	0	23	0	0	0	0	0	0	0	0	0	0	0	0	0	0	0	0	0	6,387	0	6,387	
Togo	13	118	1	7	1,564	3	0	0	15	0	0	20	0	0	9	0	0	0	0	0	0	95	1	0	9	51	0	49	1	6	0	0	0	0	0	6	7	30	3	42	7	0	0	1	4	0	0	0	0	0	0	0	0	0	0	0	0	0	0	0	0	0	0	0	0	7	4	0	0	0	0	0	0	0	0	0	0	0	0	0	0	0	0	2,073	0	2,073	
Tunisia	26	675	3	13	6,315	43	0	0	3	535	0	6	0	0	1	0	2	0	0	0	0	259	6	0	5	47	0	56	3	12	0	0	0	0	0	6	11	494	34	62	1	0	0	34	26	3	0	0	0	0	0	0	0	0	0	0	0	6	0	7	6	0	0	0	0	0	0	0	0	0	0	5	0	0	0	0	0	0	0	0	0	0	0	8,705	0	8,705	
Uganda	50	548	3	13	5,803	5	0	0	42	0	0	11	0	0	52	0	0	0	0	0	0	637	32	0	12	155	0	218	5	27	0	0	0	0	2	8	37	261	20	59	10	0	0	8	10	12	0	0	0	0	0	0	0	0	0	1	0	2	0	0	15	0	266	0	3	24	0	0	0	0	0	1	0	0	0	0	0	0	0	0	0	0	0	8,352	0	8,352	
Zambia	24	151	1	5	2,477	8	0	0	42	15	0	38	0	0	0	0	0	0	0	0	0	132	12	0	36	141	0	168	1	13	0	0	0	1	0	4	11	127	13	8	0	0	0	4	10	4	0	0	0	0	0	0	0	0	0	0	0	1	1	0	1	0	0	0	2	4	0	0	0	0	0	0	0	0	0	0	0	0	0	0	0	0	0	3,455	0	3,455	
Zimbabwe	56	59	13	42	5,890	8	0	0	395	0	0	2	0	0	505	1	2	0	0	0	0	551	24	0	46	239	0	280	6	53	0	0	2	3	0	19	16	287	23	22	0	0	0	21	16	12	0	0	0	0	0	0	0	0	0	0	0	6	0	0	20	0	18	0	11	11	8	0	0	0	0	0	0	1	0	0	0	0	0	0	1	0	0	8,669	0	8,669	
Totals for Africa	1,680	11,254	245	2,002	422,408	3,611	0	0	1,276	7,552	5	495	0	0	1,099	7	150	0	0	11	0	21,426	1,692	0	1,244	5,738	3	4,921	73	1,423	0	0	2,829	1,544	24	706	700	10,647	1,029	3,417	311	3	0	1,371	1,396	498	14	0	0	1	0	0	0	0	0	5	0	261	92	122	580	1	690	30	81	512	198	0	0	0	0	25	0	2	6	3	6	0	1	3	10	0	1	515,434	0	515,434	
																																																																																							
Asia																																																																																							
Afghanistan	111	405	0	3	1,378	10	0	0	1	0	0	0	0	0	0	0	0	0	0	0	0	156	21	0	28	83	0	134	0	4	0	0	0	0	0	7	1	312	5	218	9	0	0	5	3	1	0	0	0	0	0	0	0	0	0	0	0	1	0	0	4	0	0	0	0	0	0	0	0	0	0	0	0	0	0	0	0	0	0	0	0	0	0	2,900	0	2,900	
Bahrain	17	278	0	2	3,347	393	0	0	1	13	0	1	0	0	0	0	1	0	0	0	0	125	5	0	0	36	0	1	0	5	0	0	0	0	0	1	3	95	8	2	0	0	0	7	2	13	2	0	0	0	0	0	0	0	0	0	0	3	9	0	2	0	0	0	0	0	0	0	0	0	0	0	0	0	0	0	0	0	0	0	0	0	0	4,372	0	4,372	
Bangladesh	4	933	10	58	9,020	55	0	0	15	631	0	33	28	11	0	0	4	0	0	1	0	1,480	408	0	120	376	0	383	1	182	0	0	0	0	0	141	56	289	78	15	0	0	0	34	44	3	0	0	0	0	0	0	0	0	0	0	0	7	0	7	1	0	42	0	0	12	1	0	0	0	0	13	0	1	2	0	0	0	0	0	0	0	0	14,499	0	14,499	
Bhutan	10	60	0	0	507	0	0	0	4	17	1	13	0	0	0	0	1	0	0	0	0	77	12	0	29	61	0	31	3	6	0	0	0	0	0	3	0	48	6	5	0	0	0	0	0	4	0	0	0	0	0	0	0	0	0	0	0	0	0	0	0	0	0	0	0	10	1	0	0	0	0	0	0	0	0	0	0	0	0	0	0	0	0	909	0	909	
Brunei	5	43	0	1	25	0	0	0	0	7	0	0	0	0	0	0	0	0	0	0	0	25	0	0	6	10	0	11	0	2	0	0	0	0	2	0	1	35	1	0	0	0	0	0	0	1	0	0	0	0	0	0	0	0	0	0	0	0	0	0	0	0	0	0	0	0	0	0	0	0	0	0	0	0	0	0	0	0	0	0	0	0	0	175	0	175	
Burma	75	138	1	2,181	466	5,177	0	0	1,307	0	0	4	4	0	4,944	0	1	0	0	0	0	1,145	24	0	26	56	0	76	1	22	0	0	0	0	0	3	1	292	14	97	3	0	0	8	10	21	0	0	0	0	0	0	0	0	0	0	0	2	1	0	0	0	15	0	0	18	8	0	0	0	0	0	0	0	0	0	0	0	1	0	0	0	0	16,142	0	16,142	
Cambodia	35	179	1	60	3,675	10	0	0	21	0	0	24	1	0	8	0	2	0	0	0	0	533	9	0	44	113	0	73	3	10	0	0	0	0	0	4	7	186	10	499	73	0	0	5	5	10	0	0	0	0	0	0	0	0	0	0	0	2	3	3	3	0	11	0	0	15	0	0	0	0	0	0	0	0	0	0	0	0	0	0	0	0	0	5,637	0	5,637	
China - mainland	503	2,275	2	404	1,452,834	1,033	0	0	1,234	13,239	0	723	2,483	86	3	6	92	9	0	47	0	112,817	3,202	0	165	597	0	879	12	22,993	0	0	0	0	116	4,770	732	39,038	12,105	957	108	1	0	5,170	5,054	2,114	24	0	0	2	0	0	0	0	0	0	0	853	231	199	997	2	1,345	7	197	79	30	0	0	0	0	112	0	0	0	2	1	0	0	4	5	0	0	1,689,893	0	1,689,893	
China - Taiwan	1	3	0	11	8,666	3	0	0	86	3,150	0	0	132	0	0	679	561	0	0	4	0	9,117	329	0	1	2	0	21	0	1,261	0	0	0	0	34	346	133	4,453	598	141	3	0	0	543	532	317	15	0	0	0	0	0	0	0	0	0	0	126	182	31	244	0	53	4	2	120	11	0	0	0	0	19	0	0	0	0	0	0	0	0	0	0	0	31,934	0	31,934	
Hong Kong S.A.R.	0	1	1	252	62,131	6	0	0	1	1,278	0	0	35	1	0	0	5	2	0	9	0	2,694	104	0	0	0	0	16	0	212	0	0	0	0	3	73	82	1,193	70	63	6	0	0	129	191	33	3	0	0	0	0	0	0	0	0	0	0	45	256	9	103	0	3	0	40	17	0	0	0	0	0	2	0	0	0	0	0	0	0	0	0	0	0	69,069	0	69,069	
India	177	2,014	88	925	599,983	4,092	0	0	1,223	36,849	1	274	14	5	27	1	32	0	0	190	0	44,741	2,561	0	79	178	0	1,332	18	129,097	0	0	0	0	137	117,522	210	8,164	2,072	749	20	0	0	22,355	28,934	489	4	0	0	0	0	0	0	0	0	0	0	458	328	175	16	0	2,379	30	3	872	338	0	0	0	0	77	0	7	16	0	0	0	6	26	41	3	0	1,009,332	0	1,009,332	
Indonesia	177	2,164	30	788	52,233	31	0	0	99	12,728	0	56	5	0	3	0	3	1	0	7	0	2,257	152	0	179	408	0	348	11	316	0	0	0	0	4	61	129	1,217	163	202	23	0	0	193	236	104	1	0	0	0	0	0	0	0	0	0	0	30	7	7	9	0	15	4	2	25	11	0	0	0	0	2	0	0	0	0	0	0	2	0	3	0	0	74,446	0	74,446	
Iran	1	2	3	33	14,649	383	0	0	4	4	4	0	0	0	0	0	20	0	0	4	0	2,201	437	0	106	196	0	180	0	95	0	0	0	0	0	76	4	644	286	336	22	0	0	26	27	0	0	0	0	0	0	0	0	0	0	0	0	18	4	9	3	0	2	0	0	0	0	0	0	0	0	22	0	0	0	0	0	0	0	0	0	0	0	19,801	0	19,801	
Iraq	121	546	0	19	8,824	66	0	0	3	45	0	0	0	0	0	0	1	0	0	1	0	207	48	0	65	131	0	34	0	7	0	0	0	0	0	7	6	558	82	234	3	1	0	9	10	5	0	0	0	0	0	0	0	0	0	0	0	1	1	0	1	0	0	0	0	1	0	0	0	0	0	1	0	0	0	0	0	0	0	0	0	0	0	11,038	0	11,038	
Israel	208	3,260	0	176	163,495	435	0	0	4	678	0	0	0	0	3	288	83	0	0	6	0	973	119	0	33	23	0	33	0	394	0	0	0	0	9	295	57	3,160	1,501	43	3	0	0	930	1,606	46	0	0	0	0	0	0	0	0	0	0	0	315	140	156	284	0	65	3	0	72	105	0	0	0	0	5	0	0	0	0	0	0	1	0	0	0	0	179,007	0	179,007	
Japan	280	8,870	0	13	6,296	2	0	0	30	3,535	0	660	77	21	1	1,543	14,360	8	0	33	0	15,982	705	0	47	127	0	312	1	765	0	0	0	223	108	464	1,632	7,227	2,589	398	34	0	0	4,930	5,631	539	3	0	0	0	0	0	0	1	0	0	0	554	101	185	631	0	209	40	212	107	44	0	0	0	0	30	0	0	1	0	0	0	0	0	0	0	0	79,561	0	79,561	
Jordan	28	2,146	9	48	25,769	291	0	0	6	175	0	77	0	0	0	0	63	0	0	0	0	877	213	0	32	31	0	190	0	150	0	0	0	0	1	105	18	1,036	117	87	0	0	0	50	83	15	0	0	0	0	0	0	0	0	0	0	0	16	6	5	0	0	6	0	0	5	4	0	0	0	0	6	0	0	0	0	0	0	0	0	0	0	0	31,665	0	31,665	
Korea, North	0	0	0	0	15	0	0	0	0	0	0	0	0	0	0	0	0	0	0	0	0	0	0	0	0	0	39	1	0	0	0	0	0	0	0	0	0	0	0	0	0	0	0	0	0	0	0	0	0	0	0	0	0	0	0	0	0	0	0	0	0	0	0	0	0	0	0	0	0	0	0	0	0	0	0	0	0	0	0	0	0	0	0	55	0	55	
Korea, South	260	2,821	2	18	17,391	1	0	0	6	5,268	0	62	282	126	1	140	2,126	78	0	14	0	22,856	2,822	0	44	63	0	234	1	1,939	0	0	0	2	43	828	297	9,627	4,362	323	3	0	0	1,725	2,461	607	61	0	0	0	0	0	0	0	0	0	0	463	208	168	791	0	118	12	0	238	184	0	0	0	0	30	0	0	0	0	0	0	1	0	0	0	0	79,107	0	79,107	
Kuwait	30	480	0	0	15,412	6	0	0	1	77	0	3	0	0	0	0	1	0	0	0	0	2,611	282	0	46	90	0	12	0	23	0	0	0	0	4	4	12	104	36	1	0	0	0	15	32	13	0	0	0	0	0	0	0	0	0	0	0	3	0	0	0	0	0	0	0	0	0	0	0	0	0	0	0	0	0	0	0	0	0	0	0	0	0	19,298	0	19,298	
Laos	31	105	0	3	1,641	2	0	0	1	0	0	10	0	0	0	0	2	0	0	0	0	114	0	0	19	78	0	28	3	0	0	0	0	0	0	0	3	83	4	507	41	0	0	2	4	1	0	0	0	0	0	0	0	0	0	0	0	0	0	0	0	0	0	0	0	15	0	0	0	0	0	0	0	0	0	0	0	0	0	0	0	0	0	2,697	0	2,697	
Lebanon	24	590	11	33	16,757	210	0	0	5	141	0	1	0	0	2	0	3	0	0	1	0	548	14	0	3	78	0	91	0	154	0	0	0	0	14	41	64	575	52	135	4	0	0	50	36	12	3	0	0	0	0	0	0	0	0	0	0	21	19	4	5	0	15	0	0	6	4	0	0	0	0	1	0	0	0	0	0	0	0	0	0	0	0	19,727	0	19,727	
Macau S.A.R.	0	0	0	7	3,524	0	0	0	2	5	0	0	35	0	0	0	0	0	0	0	0	232	6	0	0	0	0	1	0	21	0	0	0	0	0	5	0	51	3	2	0	0	0	4	0	2	0	0	0	0	0	0	0	0	0	0	0	2	3	0	0	0	0	0	0	0	0	0	0	0	0	0	0	0	0	0	0	0	0	0	0	0	0	3,905	0	3,905	
Malaysia	115	704	7	428	36,555	33	0	0	26	2,080	0	18	160	2	1	1	4	1	0	9	0	1,929	45	0	31	58	0	84	0	276	0	0	0	0	37	63	77	1,358	75	70	7	0	0	572	347	36	3	0	0	0	0	0	0	0	0	0	0	37	22	13	7	0	2	2	0	15	7	0	0	0	0	4	0	0	0	0	0	0	0	0	0	0	0	45,321	0	45,321	
Maldives	4	81	0	0	112	0	0	0	3	21	0	2	0	0	0	0	0	0	0	0	0	8	1	0	14	29	0	2	0	2	0	0	0	0	0	1	0	11	1	1	1	0	0	0	0	2	0	0	0	0	0	0	0	0	0	0	0	0	0	0	0	0	0	0	0	0	0	0	0	0	0	0	0	0	0	0	0	0	0	0	0	0	0	296	0	296	
Mongolia	36	261	6	6	6,916	6	0	0	60	1	0	7	1	0	8	0	29	0	0	0	0	851	267	0	6	65	0	63	1	24	0	0	0	0	0	10	22	866	46	8	0	0	0	8	13	3	2	0	0	0	0	0	0	0	0	0	0	2	0	6	31	0	3	1	0	6	0	0	0	0	0	0	0	0	0	0	0	0	0	2	2	0	0	9,645	0	9,645	
Nepal	11	266	7	56	18,411	40	0	0	48	247	0	21	25	6	0	0	0	0	0	1	0	3,579	494	0	26	81	0	334	3	404	0	0	2	0	0	191	13	291	84	133	5	1	0	38	24	7	2	0	0	12	0	0	0	0	0	0	0	2	0	1	12	0	30	0	0	9	0	0	0	0	0	0	0	1	3	0	0	0	0	1	2	0	0	24,924	0	24,924	
Oman	53	488	6	12	2,107	1,401	0	0	1	129	0	0	0	0	0	0	6	0	0	0	0	847	58	0	18	11	0	1	0	5	0	0	0	0	0	1	0	35	24	0	0	0	0	8	14	5	0	0	0	0	0	0	0	0	0	0	0	0	0	0	0	0	0	0	0	0	0	0	0	0	0	0	0	0	0	0	0	0	0	0	0	0	0	5,230	0	5,230	
Pakistan	121	1,921	35	90	48,537	772	0	0	15	459	0	14	0	0	2	3	111	0	0	4	0	1,974	188	0	103	82	0	520	8	491	0	0	0	0	3	534	76	2,231	504	326	11	0	0	184	273	20	2	0	0	0	0	0	0	0	0	0	0	26	0	23	10	0	102	1	0	7	18	0	0	0	0	43	0	1	2	0	0	0	1	0	5	0	0	59,853	0	59,853	
Palestinian Authority Travel Document	0	0	2	173	6,532	44	0	0	1	0	0	0	0	0	0	0	8	0	0	0	0	242	47	0	0	0	0	19	0	15	0	0	0	0	0	12	8	212	33	38	3	0	0	6	12	2	0	0	0	0	0	0	0	0	0	0	0	1	0	0	6	0	2	0	0	0	0	0	0	0	0	2	0	0	0	0	0	0	0	0	0	0	0	7,420	0	7,420	
Philippines	67	1,931	289	6,302	115,712	359	0	0	1,472	79,384	0	108	2,772	386	23	4	139	0	0	3	0	948	67	0	59	153	3	441	119	1,328	0	0	64	767	52	955	84	9,915	374	6,913	1,519	0	0	708	613	55	0	0	0	0	0	0	0	0	0	1	0	66	133	8	106	0	5	0	0	226	124	0	0	0	0	15	0	35	147	1	0	8	2	2	5	0	0	234,972	0	234,972	
Qatar	104	757	4	1	5,217	10	0	0	0	18	0	5	0	0	0	0	0	0	0	0	0	469	40	0	22	66	0	5	0	1	0	0	0	0	0	0	2	20	5	0	0	0	0	6	5	6	0	0	0	0	0	0	0	0	0	0	0	0	1	0	0	0	0	0	0	0	0	0	0	0	0	0	0	0	0	0	0	0	0	0	0	0	0	6,764	0	6,764	
Saudi Arabia	612	5,216	53	50	52,476	47	0	0	1	0	0	0	0	0	640	0	0	0	0	0	0	11,414	4,412	0	66	158	0	47	0	72	0	0	0	0	17	45	6	957	751	8	0	0	0	113	274	427	27	0	0	0	0	0	0	0	0	0	0	5	2	6	0	0	7	0	0	0	1	0	0	0	0	0	0	0	0	0	0	0	0	0	0	0	0	77,910	0	77,910	
Singapore	34	2,568	0	44	775	2	0	0	1	2,284	0	10	5	0	0	3	48	0	0	10	0	1,887	118	0	16	75	0	31	0	369	759	0	0	0	42	303	20	1,040	84	37	8	0	0	339	303	46	0	0	0	0	0	0	0	0	0	0	0	28	5	13	3	0	23	1	1	9	2	0	0	0	0	3	0	0	0	0	0	0	0	0	0	0	0	11,349	0	11,349	
Sri Lanka	7	261	14	105	12,506	81	0	0	157	1,747	0	5	16	2	5	0	42	0	0	0	0	848	116	0	17	145	0	82	6	137	0	0	0	0	6	60	15	160	51	23	0	0	0	112	126	38	0	0	0	0	0	0	0	0	0	0	0	3	0	1	1	0	27	0	0	30	4	0	0	0	0	3	0	1	1	0	0	0	0	0	0	0	0	16,961	0	16,961	
Syria	0	6	8	43	4,575	39	0	0	1	17	0	0	0	0	1	0	0	0	0	0	0	178	31	0	61	4	0	70	0	9	0	0	0	0	0	14	6	54	15	159	8	0	0	38	37	3	3	0	0	0	0	0	0	0	0	0	0	2	2	0	7	0	12	0	0	4	3	0	0	0	0	1	0	0	0	0	0	0	0	0	0	0	0	5,411	0	5,411	
Thailand	59	1,174	14	769	43,182	463	0	0	99	1,990	0	63	22	0	1	10	511	2	0	9	0	3,367	40	0	22	176	1	49	1	201	0	0	29	0	5	48	107	9,118	69	629	72	0	0	140	95	80	2	0	0	0	0	0	0	0	0	0	0	29	7	5	37	0	19	0	3	91	1	0	0	0	0	6	0	5	11	0	0	0	0	0	1	0	0	62,834	0	62,834	
Timor-Leste	3	37	0	0	53	0	0	0	0	0	0	3	0	0	0	0	0	0	0	0	0	11	0	0	6	46	0	6	0	0	0	0	0	0	0	0	0	24	0	0	0	0	0	0	0	0	0	0	0	0	0	0	0	0	0	0	0	0	0	0	0	0	0	0	0	1	0	0	0	0	0	0	0	0	0	0	0	0	0	0	0	0	0	190	0	190	
United Arab Emirates	85	1,079	1	1	11,992	1,222	0	0	0	0	0	0	0	0	138	0	0	0	0	0	0	848	94	0	4	61	0	5	0	2	0	0	0	0	2	0	2	59	7	0	0	0	0	9	1	14	0	0	0	0	0	0	0	0	0	0	0	2	0	0	1	0	0	0	0	0	0	0	0	0	0	0	0	0	0	0	0	0	0	0	0	0	0	15,629	0	15,629	
Vietnam	240	697	0	76	100,423	1,406	0	0	197	1,673	1	34	59	0	2	2	8	0	0	4	0	17,032	243	0	74	165	0	357	4	493	0	0	0	0	11	161	60	1,264	193	2,003	330	0	0	203	241	123	0	0	0	0	0	0	0	0	0	0	0	38	24	18	1	0	74	4	0	293	0	0	0	0	0	2	0	0	0	0	0	0	0	0	0	0	0	128,233	0	128,233	
Yemen	23	14	19	65	2,019	20	0	0	5	17	0	0	0	0	0	0	0	0	0	0	0	352	73	0	41	42	0	101	0	4	0	0	0	0	0	1	1	21	13	41	4	4	4	4	22	6	0	0	0	0	0	0	0	0	0	0	0	0	0	0	0	0	0	0	0	0	0	0	0	0	0	1	0	0	0	0	0	0	0	0	2	0	0	2,919	0	2,919	
																																																																																							
Totals for Asia	3,672	44,774	623	13,256	2,936,138	18,151	0	0	6,141	167,907	7	2,231	6,156	646	5,813	2,680	18,267	101	0	357	0	268,552	17,807	0	1,658	4,154	43	6,638	196	161,491	759	0	95	992	650	127,155	3,947	106,023	26,491	15,403	2,323	7	4	38,678	47,301	5,223	157	0	0	14	0	0	0	1	0	1	0	3,161	1,695	1,052	3,316	2	4,584	109	460	2,303	901	0	0	0	0	400	0	51	183	3	1	8	14	35	66	3	0	4,081,030	0	4,081,030	
Europe																																																																																							
Albania	8	116	1	9	10,077	3	0	0	7	48	0	2	0	0	0	0	12	0	0	0	0	382	21	0	6	40	0	45	1	26	0	0	0	0	1	5	5	416	9	169	4	0	0	10	9	3	0	0	0	8	0	0	0	1	0	0	0	4	1	2	3	0	69	0	0	1	4	0	0	0	0	0	0	0	0	0	0	0	0	0	0	0	0	11,528	0	11,528	
Andorra	2	0	0	0	0	0	0	0	0	0	0	0	0	0	0	0	0	0	0	0	0	6	0	0	2	0	0	1	0	1	0	0	0	0	0	0	0	12	0	0	0	0	0	1	3	1	0	0	0	0	0	0	0	0	0	0	0	0	0	0	0	0	0	0	0	0	0	0	0	0	0	0	0	0	0	0	0	0	0	0	0	0	0	29	0	29	
Armenia	15	165	0	165	7,906	24	0	0	5	1	0	1	0	0	3	0	35	0	0	1	0	117	14	0	10	37	0	45	1	26	0	0	0	0	8	29	12	235	20	197	9	0	0	14	22	0	0	0	0	0	0	0	0	0	0	0	0	33	40	12	27	0	70	1	0	5	16	0	0	0	0	0	0	0	0	0	0	0	0	0	0	0	0	9,321	0	9,321	
Austria	32	305	0	330	2,942	3	0	0	1	893	0	3	4	0	2	33	199	0	0	3	0	668	10	0	12	25	5	102	1	96	0	0	2	12	2	23	153	2,021	99	27	3	0	0	372	163	58	0	0	0	1	0	0	0	0	0	0	0	125	20	20	340	0	20	2	1	10	0	0	0	0	0	1	0	0	0	0	0	0	0	0	0	0	0	9,144	0	9,144	
Azerbaijan	63	290	1	18	6,498	8	0	0	1	330	0	3	0	0	0	0	26	0	0	0	0	440	64	0	26	89	0	92	2	22	0	0	0	0	0	10	16	383	26	16	1	0	0	19	38	5	1	0	0	0	0	0	0	0	0	0	0	6	1	8	5	0	6	1	0	0	0	0	0	0	0	0	0	0	0	0	0	0	0	0	0	0	0	8,515	0	8,515	
Belarus	12	43	0	38	14,930	13	0	0	4	748	0	0	0	0	1	0	2	0	0	1	0	263	12	0	36	56	0	88	0	65	0	0	0	0	0	64	14	717	34	79	17	0	0	218	244	3	0	0	0	0	0	0	0	0	0	0	0	47	2	12	86	0	3	10	0	5	1	0	0	0	0	1	0	0	0	0	0	0	0	0	0	0	0	17,869	0	17,869	
Belgium	32	233	2	54	3,050	2	0	0	3	1,224	0	9	0	0	0	6	245	0	0	2	0	848	16	0	30	58	19	160	0	103	0	0	1	3	6	59	126	1,199	135	47	1	0	0	440	396	79	1	0	1	467	0	21	0	8	0	0	0	148	76	35	161	0	9	6	2	4	1	0	0	0	0	2	0	0	0	0	0	0	0	0	1	0	0	9,531	0	9,531	
Bosnia and Herzegovina	2	117	0	100	4,075	4	0	0	2	1,185	0	2	0	0	2	1	15	0	0	0	0	172	3	0	0	23	0	45	1	27	0	0	0	0	1	7	9	674	20	147	9	0	0	7	8	1	0	0	0	0	0	0	0	0	0	0	0	4	0	3	2	0	54	0	0	5	9	0	0	0	0	0	0	0	0	0	0	0	0	0	0	0	0	6,736	0	6,736	
Bulgaria	21	92	2	114	12,218	17	0	0	7	1,524	0	1	0	0	0	2	83	0	0	1	0	273	4	0	22	44	1	64	1	115	0	0	6	134	0	33	34	4,923	15	71	15	0	0	85	65	6	0	0	0	158	0	1	0	1	0	0	0	43	18	5	40	0	62	2	1	1	1	0	0	0	0	3	0	0	0	0	0	0	1	0	0	0	0	20,330	0	20,330	
Croatia	9	92	0	234	10,850	7	0	0	25	3,454	0	0	0	0	0	0	14	0	0	0	0	274	2	0	5	38	2	56	0	42	0	0	0	11	2	13	35	983	21	35	2	0	0	71	41	3	0	0	0	8	0	0	0	0	0	0	0	37	3	6	27	0	32	1	0	3	0	0	0	0	0	2	0	0	0	0	0	0	0	0	0	0	0	16,440	0	16,440	
Cyprus	20	29	0	17	4,887	6	0	0	0	91	0	1	0	0	0	0	0	0	0	0	0	183	1	0	8	21	2	11	0	34	0	0	0	1	0	13	2	111	14	5	1	0	0	18	3	2	0	0	0	0	0	0	0	0	0	0	0	17	1	0	4	0	8	0	1	0	0	0	0	0	0	0	0	0	0	0	0	0	0	0	0	0	0	5,512	0	5,512	
Czech Republic	40	422	0	366	1,557	63	0	0	0	328	0	2	1	2	0	0	106	0	0	0	0	574	11	0	10	72	6	32	1	60	0	0	1	66	4	38	48	3,235	84	41	4	0	0	254	191	16	4	0	0	47	0	2	0	1	0	0	0	61	2	17	161	1	8	11	0	7	0	0	0	0	0	1	0	0	0	0	0	0	0	0	0	0	0	7,958	0	7,958	
Denmark	87	415	1	113	3,180	17	0	0	1	809	0	1	0	0	1	36	203	0	0	8	0	1,206	10	0	32	108	6	144	1	64	0	0	15	2	8	46	180	2,211	199	27	1	0	0	356	324	31	1	0	3	92	0	6	0	0	0	0	0	211	59	70	208	0	7	3	0	9	6	0	0	0	0	2	0	0	0	0	0	0	0	0	0	0	0	10,520	0	10,520	
Estonia	14	86	0	28	207	0	0	0	1	110	0	2	0	0	0	0	6	0	0	0	0	60	2	0	10	24	5	18	1	13	0	0	0	5	0	9	17	510	28	16	0	0	0	25	32	1	0	0	0	126	0	1	0	1	1	0	0	25	3	8	40	0	12	2	0	0	0	0	0	0	0	0	0	0	0	0	0	0	0	0	0	0	0	1,449	0	1,449	
Finland	29	423	0	163	757	8	0	0	4	766	0	0	0	0	0	12	71	0	0	5	0	450	18	0	17	105	5	79	1	62	0	0	11	0	3	51	83	1,076	182	39	1	0	0	297	413	21	7	0	0	4	0	0	0	0	0	0	0	95	25	33	194	2	9	8	2	9	11	0	0	0	0	3	0	0	0	0	0	0	0	0	0	0	0	5,554	0	5,554	
France	165	1,937	8	242	12,008	65	0	0	16	2,547	0	28	3	0	2	203	2,857	0	0	29	0	5,877	127	0	59	51	34	767	2	1,207	0	0	5	8	45	319	712	13,349	1,100	254	11	0	0	2,720	2,863	204	7	0	0	131	0	18	1	6	0	0	0	1,024	314	332	1,036	5	78	37	320	60	13	0	0	0	0	30	0	0	0	0	0	0	0	0	0	0	0	53,236	0	53,236	
Georgia	41	417	4	21	4,586	1	0	0	7	253	0	2	0	0	0	0	6	0	0	0	0	234	10	0	9	66	0	62	2	24	0	0	0	0	0	9	26	433	21	38	6	0	0	4	10	3	0	0	0	0	0	0	0	0	0	0	0	7	3	8	22	0	20	2	0	1	17	0	0	0	0	1	0	0	0	0	0	0	0	0	0	0	0	6,376	0	6,376	
Germany	207	1,488	4	318	25,833	38	0	0	20	6,584	0	34	0	0	0	1,306	4,267	0	0	26	0	6,515	76	0	118	193	18	485	6	865	0	0	2	12	40	262	998	18,975	780	294	8	0	0	2,632	1,488	416	4	0	0	657	0	15	14	413	0	0	0	783	250	178	1,140	2	55	24	132	77	7	0	0	0	0	25	0	0	0	0	0	0	1	0	0	0	0	78,085	0	78,085	
Great Britain and Northern Ireland	144	3,505	8	1,777	31,011	240	0	0	11	9,377	0	58	4	0	2	186	2,862	1	0	85	0	4,470	90	0	36	141	8	791	0	1,477	0	0	69	678	47	618	2,056	20,152	437	1,214	65	0	0	5,854	4,152	509	28	0	0	901	0	17	1	25	1	0	0	2,854	2,254	624	2,189	70	220	46	115	134	126	0	0	0	0	24	0	0	0	0	0	0	0	1	0	0	0	101,765	0	101,765	
Greece	34	176	1	75	1,893	3	0	0	0	2,289	0	1	0	0	1	20	7	0	0	5	0	882	17	0	22	32	6	59	0	316	0	0	0	12	2	96	10	776	129	32	1	0	0	147	90	15	0	0	0	141	0	6	0	0	0	0	0	123	14	38	18	0	212	4	14	11	8	0	0	0	0	0	0	0	0	0	0	0	1	0	0	0	0	7,739	0	7,739	
Hungary	50	220	0	7	1,344	2	0	0	1	524	0	15	0	0	0	1	7	0	0	0	0	371	17	0	12	95	13	44	0	68	0	0	8	60	7	45	26	2,296	99	40	2	0	0	254	230	6	0	0	0	69	0	0	0	4	0	0	0	68	4	12	283	0	26	6	0	30	0	0	0	0	0	3	0	0	0	0	0	0	0	0	0	0	0	6,369	0	6,369	
Iceland	13	13	0	1	967	1	0	0	1	753	0	0	0	0	0	0	0	0	0	1	0	244	31	0	2	20	0	16	0	21	0	0	0	0	0	14	12	139	30	4	3	0	0	28	50	11	5	0	0	0	0	0	0	0	0	0	0	36	23	4	57	2	2	0	0	3	0	0	0	0	0	0	0	0	0	0	0	0	0	0	0	0	0	2,507	0	2,507	
Ireland	25	168	1	222	2,525	14	0	0	2	977	0	5	0	0	2	62	411	0	0	16	0	468	14	0	11	32	3	88	0	437	0	0	50	243	27	89	198	8,374	77	113	3	0	0	984	606	39	0	0	0	0	0	0	0	0	0	0	0	280	168	60	361	4	360	8	2	29	4	0	0	0	0	2	0	0	0	0	0	0	0	0	0	0	0	17,564	0	17,564	
Italy	112	435	2	488	9,860	8	0	0	5	2,325	0	12	1	0	2	348	1,911	0	0	13	0	3,956	90	0	62	181	24	549	7	803	0	0	4	29	33	212	217	8,111	442	134	5	0	0	1,505	940	127	0	0	2	527	0	31	5	15	0	0	0	747	137	145	697	5	22	14	246	96	6	0	0	0	0	9	0	0	0	0	0	0	0	0	0	0	0	35,657	0	35,657	
Kazakhstan	49	289	0	49	13,663	98	0	0	92	0	0	1	0	0	129	0	46	0	0	0	0	1,164	264	0	50	92	0	55	2	52	0	0	0	0	17	53	37	2,714	68	40	11	0	0	51	61	26	1	0	0	0	0	0	0	0	0	0	0	15	0	3	21	0	1	5	0	12	7	0	0	0	0	1	0	0	0	0	0	0	0	0	0	0	0	19,239	0	19,239	
Kosovo	17	164	0	0	4,139	0	0	0	2	2	0	5	0	0	0	0	5	0	0	0	0	98	2	0	0	20	0	34	0	11	0	0	0	0	0	2	18	705	10	128	0	0	0	4	1	2	0	0	0	0	0	0	0	0	0	0	0	2	0	0	0	0	41	2	0	1	0	0	0	0	0	1	0	0	0	0	0	0	0	0	0	0	0	5,416	0	5,416	
Kyrgyzstan	14	128	0	6	2,156	7	0	0	54	2	0	0	0	0	89	0	16	0	0	2	0	147	11	0	23	59	0	105	0	7	0	0	0	0	0	2	10	420	16	38	8	0	0	3	6	0	0	0	0	0	0	0	0	0	0	0	0	3	0	0	12	0	0	1	0	3	0	0	0	0	0	0	0	0	0	0	0	0	0	0	0	0	0	3,348	0	3,348	
Latvia	14	241	0	5	362	72	0	0	0	913	0	1	0	0	0	2	24	0	0	0	0	111	4	0	6	18	0	16	0	20	0	0	0	2	0	9	14	314	18	14	1	0	0	36	27	3	0	0	0	3	0	0	0	0	0	0	0	42	4	2	42	0	28	0	0	1	1	0	0	0	0	1	0	0	0	0	0	0	0	0	0	0	0	2,371	0	2,371	
Liechtenstein	0	2	0	0	11	1	0	0	0	2	0	0	0	0	0	0	0	0	0	0	0	9	0	0	8	2	0	0	0	0	0	0	0	0	0	0	0	5	0	0	0	0	0	1	3	1	0	0	0	0	0	0	0	0	0	0	0	2	0	0	0	0	1	0	0	0	0	0	0	0	0	0	0	0	0	0	0	0	0	0	0	0	0	48	0	48	
Lithuania	35	171	0	15	427	1	0	0	1	348	0	1	0	0	0	0	66	0	0	1	0	222	8	0	15	23	4	16	0	21	0	0	0	140	1	14	8	1,810	16	23	7	0	0	80	65	1	0	0	1	7	0	1	0	0	0	0	0	49	8	11	24	0	14	2	0	3	0	0	0	0	0	3	0	0	0	0	0	0	0	0	0	0	0	3,663	0	3,663	
Luxembourg	3	36	0	0	115	1	0	0	0	31	0	1	0	0	0	0	9	0	0	2	0	58	0	0	13	10	1	14	0	4	0	0	0	0	0	1	28	55	1	1	0	0	0	13	12	4	0	0	0	5	0	10	0	0	0	0	0	6	1	0	4	0	0	0	0	0	0	0	0	0	0	0	0	0	0	0	0	0	0	0	0	0	0	439	0	439	
Macedonia	12	145	0	0	3,991	4	0	0	3	560	0	0	0	0	0	0	7	0	0	0	0	80	5	0	0	45	0	31	1	20	0	0	0	14	0	5	12	1,690	17	62	0	0	0	11	8	2	0	0	0	0	0	0	0	0	0	0	0	4	0	0	6	0	34	0	0	3	1	0	0	0	0	0	0	0	0	0	0	0	0	0	0	0	0	6,773	0	6,773	
Malta	9	60	0	1	178	0	0	0	0	44	0	0	0	0	0	0	0	0	0	0	0	14	1	0	2	38	0	3	0	2	0	0	0	0	0	0	10	24	1	1	0	0	0	22	10	3	0	0	0	0	0	0	0	0	0	0	0	5	1	0	0	0	0	0	0	0	0	0	0	0	0	0	0	0	0	0	0	0	0	0	0	0	0	429	0	429	
Moldova	6	143	1	26	4,266	0	0	0	3	114	0	2	0	0	0	0	5	0	0	0	0	75	2	0	5	13	0	46	0	26	0	0	40	1	1	19	5	1,279	6	59	0	0	0	11	27	1	0	0	0	0	0	0	0	0	0	0	0	8	2	2	25	0	3	1	0	0	0	0	0	0	0	0	0	0	0	0	0	0	0	0	0	0	0	6,223	0	6,223	
Monaco	3	5	0	0	4	0	0	0	0	2	0	0	0	0	0	0	0	0	0	0	0	8	0	0	6	1	0	0	0	1	0	0	0	0	0	0	0	4	0	0	0	0	0	0	0	1	0	0	0	0	0	0	0	0	0	0	0	0	0	0	1	0	0	0	0	0	0	0	0	0	0	0	0	0	0	0	0	0	0	0	0	0	0	36	0	36	
Montenegro	11	83	0	19	3,990	0	0	0	2	1,469	0	0	0	0	0	0	3	0	0	0	0	108	0	0	0	28	0	12	0	19	0	0	0	3	0	5	8	1,216	5	11	0	0	0	4	0	0	0	0	0	0	0	0	0	0	0	0	0	7	0	1	2	0	8	1	0	0	0	0	0	0	0	0	0	0	0	0	0	0	0	0	0	0	0	7,015	0	7,015	
Netherlands	54	493	5	436	7,503	19	0	0	2	4,126	0	5	1	0	1	6	444	0	0	11	0	1,733	20	0	45	145	13	193	2	222	0	0	6	8	2	86	215	3,654	187	148	9	0	0	1,083	935	129	3	0	0	214	0	7	0	8	0	0	0	374	210	98	319	3	18	4	2	21	16	0	0	0	0	4	0	0	0	0	0	0	0	0	0	0	0	23,242	0	23,242	
Norway	48	189	0	80	2,591	1	0	0	0	664	0	3	0	0	1	7	162	0	0	3	0	1,520	14	0	16	32	0	60	0	61	0	0	0	2	0	12	124	1,504	215	43	3	0	0	179	150	64	8	0	0	214	0	7	0	1	0	0	0	105	33	19	199	0	2	9	177	13	6	0	0	0	0	4	0	0	0	0	0	0	0	0	0	0	0	8,545	0	8,545	
Poland	59	419	0	828	95,272	56	0	0	25	2,206	0	8	0	0	0	9	189	0	0	3	0	756	27	0	32	77	10	95	2	196	0	0	2	41	13	79	156	5,350	227	120	17	1	0	689	472	27	0	0	0	601	0	16	0	37	0	0	0	134	22	23	258	2	173	1	0	71	0	0	0	0	0	4	0	0	0	0	0	0	0	0	0	0	0	108,805	0	108,805	
Portugal	11	120	2	67	1,941	9	0	0	3	1,656	0	8	5	0	1	1	36	0	0	0	0	483	32	0	31	63	7	95	2	114	0	0	0	39	3	34	58	695	74	33	0	0	0	305	234	31	0	0	0	23	0	4	0	1	0	0	0	97	57	22	61	2	25	8	2	8	3	0	0	0	0	1	0	0	0	0	0	0	0	0	0	0	0	6,507	0	6,507	
Romania	57	288	3	791	35,134	20	0	0	74	4,357	0	19	0	0	0	2	95	0	0	3	0	376	19	0	24	167	2	101	2	147	0	0	216	311	4	63	66	7,272	54	156	10	0	0	277	159	24	5	0	0	281	0	9	0	2	0	0	0	63	5	24	37	0	83	7	6	9	9	0	0	0	0	3	0	0	0	0	0	0	0	0	0	0	0	50,836	0	50,836	
Russia	243	1,135	1	593	164,944	1,016	0	0	75	16,061	0	12	15	0	3	3	39	4	0	7	0	4,646	304	0	284	368	1	707	3	542	0	0	0	6	10	394	354	6,284	276	575	99	0	0	1,173	1,313	47	10	0	0	0	0	0	0	0	0	0	0	461	79	165	1,517	1	230	55	0	58	13	0	0	0	0	10	0	0	0	0	0	0	0	0	0	0	0	204,136	0	204,136	
San Marino	7	0	0	0	2	0	0	0	0	1	0	0	0	0	0	0	0	0	0	0	0	4	0	0	0	2	0	3	0	0	0	0	0	0	0	0	0	6	1	0	0	0	0	0	0	0	0	0	0	0	0	0	0	0	0	0	0	0	0	0	1	0	0	0	0	0	0	0	0	0	0	0	0	0	0	0	0	0	0	0	0	0	0	27	0	27	
Serbia  	19	129	0	135	12,759	31	0	0	15	2,235	0	0	0	0	1	5	17	0	0	0	0	777	17	0	8	30	0	52	1	136	0	0	0	238	3	46	40	4,159	39	75	3	0	0	105	80	4	0	0	0	0	0	0	0	0	0	0	0	83	13	22	56	3	63	12	1	6	5	0	0	0	0	1	0	0	0	0	0	0	0	0	0	0	0	21,424	0	21,424	
Slovakia	22	174	0	53	919	3	0	0	1	400	0	0	0	0	0	1	33	0	0	1	0	283	3	0	25	49	2	25	0	52	0	0	0	55	1	12	11	3,282	28	17	0	0	0	169	117	3	2	0	0	5	0	0	0	1	0	0	0	40	3	3	40	0	2	5	0	9	3	0	0	0	0	1	0	0	0	0	0	0	0	0	0	0	0	5,855	0	5,855	
Slovenia	9	39	0	21	395	0	0	0	0	145	0	0	0	0	0	0	28	0	0	0	0	137	3	0	6	39	7	9	0	27	0	0	2	4	0	3	7	316	28	7	1	0	0	37	15	4	0	0	0	47	0	7	0	0	0	0	0	27	4	4	11	0	5	0	0	3	1	0	0	0	0	0	0	0	0	0	0	0	0	0	0	0	0	1,398	0	1,398	
Spain	74	478	4	146	6,094	25	0	0	7	2,370	0	9	0	0	0	95	1,402	0	0	8	0	4,060	109	0	54	86	29	504	4	748	0	0	1	25	17	280	306	10,111	1,204	142	5	0	0	1,333	1,362	77	0	0	0	175	0	17	0	3	0	0	0	514	106	138	375	1	138	27	47	39	17	0	0	0	0	16	0	0	0	0	0	0	0	0	0	0	1	32,783	0	32,783	
Sweden	13	988	4	69	6,280	87	0	0	5	1,041	0	2	2	0	0	17	528	0	0	15	0	1,941	28	0	20	172	5	180	1	151	0	0	0	0	5	57	194	2,516	251	114	2	0	0	580	600	82	0	0	0	1	0	0	0	0	0	0	0	332	189	93	424	1	24	31	1	12	5	0	0	0	0	2	0	0	0	0	0	0	0	0	0	0	0	17,065	0	17,065	
Switzerland	43	310	0	178	3,861	45	0	0	5	762	0	12	0	0	0	8	288	0	0	2	0	2,665	24	0	31	22	0	228	0	135	0	0	2	1	8	42	82	1,463	167	29	4	0	0	380	322	130	4	0	0	0	0	0	0	0	0	0	0	148	36	35	127	0	5	1	2	17	4	0	0	0	0	1	0	0	0	0	0	0	1	0	0	0	0	11,630	0	11,630	
Tajikistan	13	100	0	3	1,300	8	0	0	4	1	0	2	0	0	2	0	0	0	0	0	0	153	24	0	19	45	0	70	0	8	0	0	0	0	0	4	12	228	17	11	4	0	0	1	1	0	0	0	0	0	0	0	0	0	0	0	0	1	0	0	3	0	0	8	0	0	0	0	0	0	0	0	0	0	0	0	0	0	0	0	0	0	0	2,042	0	2,042	
Turkey	107	961	8	341	74,312	1,447	0	0	12	4,793	0	21	0	0	2	62	629	0	0	1	0	5,267	327	0	16	318	0	175	5	560	0	0	0	40	2	225	123	8,534	622	158	0	0	0	362	381	106	12	0	0	265	0	16	0	11	0	0	0	129	5	61	29	0	5	2	26	13	36	0	0	0	0	1	0	0	0	0	0	0	0	0	0	0	0	100,528	0	100,528	
Turkmenistan	6	33	0	17	1,084	7	0	0	0	6	0	0	0	0	0	0	0	0	0	0	0	209	37	0	14	22	0	19	0	7	0	0	0	0	0	8	0	170	12	3	2	0	0	7	6	1	0	0	0	0	0	0	0	0	0	0	0	0	0	0	0	0	0	0	0	0	0	0	0	0	0	0	0	0	0	0	0	0	0	0	0	0	0	1,670	0	1,670	
Ukraine	50	504	1	708	45,709	1,409	0	0	22	12,277	0	2	1	0	1	1	115	0	0	4	0	973	78	0	12	80	1	131	3	256	0	0	204	295	3	306	73	4,328	123	752	205	0	0	508	549	25	0	0	0	0	0	0	0	0	0	0	0	133	13	62	527	1	101	21	0	38	25	0	0	0	0	17	0	0	0	0	0	0	1	1	1	0	0	70,650	0	70,650	
Uzbekistan	17	184	2	14	9,738	8	0	0	4	322	0	0	0	0	0	0	1	0	0	0	0	428	105	0	13	154	0	79	2	24	0	0	0	0	0	17	5	728	22	47	12	0	0	26	56	1	0	0	0	0	0	0	0	0	0	0	0	4	0	5	12	0	6	3	0	2	8	0	0	0	0	1	0	0	0	0	0	0	2	0	0	0	0	12,052	0	12,052	
Vatican City	2	8	0	0	7	0	0	0	0	0	0	0	0	0	0	0	0	0	0	0	0	0	0	0	0	1	1	0	0	0	0	0	0	0	0	0	0	1	0	0	0	0	0	0	0	0	0	0	0	0	0	0	0	0	0	0	0	0	0	0	0	0	0	0	0	0	0	0	0	0	0	0	0	0	0	0	0	0	0	0	0	0	0	20	0	20	
																																																																																							
Totals for Europe	2,204	19,206	66	9,501	676,308	4,922	0	0	535	94,050	0	296	37	2	248	2,435	17,532	5	0	259	0	57,438	2,128	0	1,335	3,772	240	6,901	58	9,543	0	0	647	2,501	326	3,842	6,965	162,148	7,706	5,846	575	1	0	23,765	19,353	2,359	103	0	7	5,178	0	212	21	539	2	0	0	9,566	4,209	2,425	11,234	105	2,374	394	1,100	842	390	0	0	0	0	181	0	0	0	0	0	0	7	2	2	0	1	1,183,949	0	1,183,949	
																																																																																							
North America																																																																																							
Antigua and Barbuda	1	29	0	1	1,966	419	0	0	1	13	0	13	0	0	0	0	0	0	0	0	0	61	0	0	1	1	0	3	0	8	0	0	0	2	0	3	2	16	0	5	0	0	0	4	4	7	0	0	0	0	0	0	0	0	0	0	0	2	0	0	12	0	0	0	0	1	0	0	0	0	0	0	0	0	0	0	0	0	0	0	0	0	0	2,575	0	2,575	
Bahamas, The	73	129	0	8	12,265	6	0	0	9	94	0	60	0	0	0	0	1	0	0	0	0	1,010	24	0	10	5	0	12	0	99	0	0	0	0	0	16	0	47	7	15	0	0	0	18	11	58	1	0	0	0	0	0	0	0	0	0	0	6	0	0	28	0	2	0	0	2	1	0	0	0	0	0	0	0	0	0	0	0	0	0	0	0	0	14,017	0	14,017	
Barbados	10	84	0	5	8,291	1,868	0	0	13	54	0	30	0	0	0	0	0	0	0	0	0	121	3	0	5	4	0	37	0	19	0	0	0	3	0	2	2	36	4	5	0	0	0	7	6	3	0	0	0	0	0	0	0	0	0	0	0	7	3	1	36	0	3	0	0	2	1	0	0	0	0	0	0	0	0	0	0	0	0	0	0	0	0	10,665	0	10,665	
Belize	12	146	0	2	3,291	0	0	0	115	41	0	70	0	0	0	0	0	0	0	0	0	129	2	0	1	1	0	7	0	15	0	0	19	287	0	7	1	43	2	11	2	0	0	1	0	7	0	0	0	0	0	0	0	0	0	0	0	0	0	0	0	0	7	0	0	3	0	0	0	0	0	0	0	0	2	0	0	0	0	0	0	0	0	4,224	0	4,224	
Canada	184	92	0	41	389	25	0	0	0	16	0	2	1	0	1	677	2,854	0	0	76	0	304	23	0	41	24	0	540	2	109	0	0	5	2	1	143	50	208	57	855	37	0	0	138	265	25	2	0	0	596	0	2	0	6	0	0	0	48	18	21	44	0	5	2	1	24	7	0	0	0	126	34	0	0	0	0	0	0	0	0	0	0	0	8,123	0	8,123	
Costa Rica	24	292	2	16	75,529	1	0	0	47	347	0	121	0	0	0	2	6	0	0	1	0	503	28	0	10	21	0	121	0	88	0	0	116	233	0	39	14	700	35	103	39	0	0	325	297	19	0	0	0	0	0	0	0	0	0	2	0	18	4	11	11	0	0	7	1	18	6	0	0	0	0	11	0	0	0	0	0	0	0	0	3	0	0	79,171	0	79,171	
Cuba	113	185	0	2,620	1,803	9,553	0	0	15	13	0	0	0	0	0	0	1	0	0	0	0	40	7	0	109	89	0	34	0	8	0	0	0	0	3	2	22	102	25	271	55	0	0	4	2	0	0	0	0	0	0	0	0	0	0	0	0	26	34	3	497	0	665	7	12	4	9	0	0	0	0	2	0	0	0	0	0	0	0	0	0	0	0	16,335	0	16,335	
Dominica	1	19	0	4	1,304	172	0	0	2	27	0	4	0	0	0	0	0	0	0	0	0	142	2	0	0	2	0	4	1	6	0	0	0	0	0	0	0	7	0	14	2	0	0	4	5	2	0	0	0	0	0	0	0	0	0	0	0	0	0	0	18	0	0	0	0	1	0	0	0	0	0	0	0	0	0	0	0	0	0	0	0	0	0	1,743	0	1,743	
Dominican Republic	56	483	5	413	194,557	55	0	0	73	341	0	38	0	0	13	1	10	0	0	0	0	810	13	0	19	36	0	82	9	92	0	0	33	124	0	31	152	3,751	21	1,563	476	0	0	71	109	12	4	0	0	0	0	0	0	0	0	0	0	40	63	7	1,195	0	14	123	1	27	14	0	0	0	0	3	0	0	0	0	0	0	1	0	31	0	0	204,972	0	204,972	
El Salvador	50	571	2	486	39,909	53	0	0	139	227	0	244	0	0	0	0	4	0	0	1	0	479	22	0	28	67	1	85	8	54	0	0	176	626	2	23	33	285	21	299	75	1	1	35	51	4	0	0	0	0	0	0	0	0	0	0	0	7	0	4	119	0	0	0	1	28	3	0	0	0	0	5	0	0	16	0	3	2	4	8	155	3	8	44,428	0	44,428	
Grenada	0	30	0	0	1,594	304	0	0	6	56	0	39	0	0	0	0	1	0	0	0	0	48	2	0	1	1	0	9	0	15	0	0	0	1	0	2	0	36	2	12	3	0	0	1	2	3	0	0	0	0	0	0	0	0	0	0	0	6	0	9	2	0	0	0	0	0	0	0	0	0	0	0	0	0	0	0	0	0	0	0	0	0	0	2,185	0	2,185	
Guatemala	86	451	6	130	41,055	2	0	0	22	123	0	155	0	0	1	0	6	0	0	0	0	456	23	0	6	14	0	54	6	49	0	0	3,451	3,808	0	28	26	238	27	155	32	1	0	61	53	24	0	0	0	0	0	0	0	0	0	0	0	13	2	4	75	0	24	6	2	24	15	0	0	0	0	1	0	2	23	2	2	0	16	12	196	3	2	50,973	0	50,973	
Haiti	95	272	2	5	28,755	2	0	0	141	138	0	218	0	0	0	0	0	0	0	0	0	310	15	0	21	36	0	58	4	10	0	0	64	1	0	6	49	195	8	878	216	0	0	2	0	5	1	0	0	0	0	0	0	0	0	0	0	3	0	0	22	0	224	0	0	10	0	0	0	0	0	1	0	1	2	0	0	0	0	0	0	0	0	31,770	0	31,770	
Honduras	56	426	5	137	54,753	137	0	0	107	1,269	0	28	0	0	3	13	29	0	0	0	0	708	32	0	9	14	0	67	4	71	0	0	415	889	0	24	35	270	21	254	77	0	0	37	39	10	0	0	0	0	0	0	0	0	0	0	0	3	0	4	93	1	4	6	0	19	10	0	0	0	0	4	0	2	23	1	1	2	7	4	181	2	3	60,309	0	60,309	
Jamaica	22	155	0	126	65,119	32	0	0	50	1,166	0	153	0	0	0	0	31	0	0	1	0	855	45	0	3	20	0	65	1	122	0	0	4,845	7,728	2	66	17	7,495	387	368	85	0	0	20	15	27	1	0	0	0	0	0	0	0	0	0	0	46	188	7	113	1	113	5	0	18	9	0	0	0	0	2	0	0	8	0	0	0	0	0	6	0	0	89,538	0	89,538	
Mexico	566	3,691	17	4,129	14,965	438	1,030,460	43,455	160	3,355	0	2	0	0	9	1,041	2,438	0	0	14	0	7,629	487	0	135	78	0	956	18	2,322	0	0	147,272	64,305	155	2,066	820	8,945	406	1,657	357	0	0	5,036	6,091	204	28	0	0	3	0	0	0	0	0	0	0	571	777	164	3,862	1	287	167	158	461	94	0	0	0	15,993	8,813	0	13	58	7	10	5	71	44	429	27	22	1,385,744	0	1,385,744	
Nicaragua	35	95	1	177	15,952	558	0	0	350	525	0	82	0	0	0	0	1	0	0	1	0	173	5	0	3	7	0	79	10	24	0	0	445	111	0	11	45	173	9	163	27	1	0	10	7	1	0	0	0	0	0	0	0	0	0	0	0	4	0	4	59	0	10	1	0	9	3	0	0	0	0	2	0	2	9	0	0	0	0	0	16	0	1	19,201	0	19,201	
Panama	12	577	2	90	27,478	6	0	0	22	1,086	0	28	0	0	1	1	17	0	0	1	0	1,347	8	0	6	23	0	36	4	31	0	0	0	63	0	9	26	522	11	39	8	0	0	25	39	65	0	0	0	0	0	0	0	0	0	0	0	14	11	2	48	0	0	10	0	6	4	0	0	0	0	2	0	0	0	0	0	0	0	0	1	0	0	31,681	0	31,681	
Saint Kitts and Nevis	4	25	0	0	1,457	259	0	0	4	0	0	4	0	0	0	0	0	0	0	0	0	67	4	0	1	1	0	7	0	5	0	0	0	0	0	2	0	5	0	5	2	0	0	2	0	0	0	0	0	0	0	0	0	0	0	0	0	0	0	1	5	0	0	0	0	0	0	0	0	0	0	0	0	0	0	0	0	0	0	0	0	0	0	1,860	0	1,860	
Saint Lucia	7	18	0	14	2,635	500	0	0	5	105	0	13	0	0	0	0	0	0	0	0	0	84	3	0	1	2	0	6	0	13	0	0	0	0	0	1	0	22	1	13	0	0	0	4	3	2	0	0	0	0	0	0	0	0	0	0	0	0	2	0	1	0	1	0	0	0	0	0	0	0	0	0	0	0	0	0	0	0	0	0	1	0	0	3,457	0	3,457	
Saint Vincent and the Grenadines	1	33	0	125	1,523	232	0	0	0	259	0	4	0	0	0	0	0	0	0	0	0	28	0	0	2	4	0	3	0	10	0	0	0	0	0	1	0	13	0	7	8	0	0	0	0	4	0	0	0	0	0	0	0	0	0	0	0	0	1	3	4	0	0	0	0	0	0	0	0	0	0	0	0	0	0	0	0	0	0	0	0	0	0	2,265	0	2,265	
Trinidad and Tobago	46	146	2	197	25,808	18	0	0	68	212	0	42	0	0	0	0	43	0	0	1	0	449	11	0	2	14	0	121	1	90	0	0	0	0	1	17	5	158	22	65	10	0	0	142	88	29	0	0	0	0	0	0	0	0	0	0	0	12	18	6	126	0	152	3	0	6	7	0	0	0	0	0	0	0	0	0	0	0	0	0	2	0	0	28,140	0	28,140	
																																																																																							
Totals for North America	1,454	7,949	44	8,726	620,398	14,640	1,030,460	43,455	1,349	9,467	0	1,350	1	0	28	1,735	5,442	0	0	96	0	15,753	759	0	414	464	1	2,386	68	3,260	0	0	156,841	78,183	164	2,499	1,299	23,267	1,066	6,757	1,511	3	1	5,947	7,087	511	37	0	0	599	0	2	0	6	0	2	0	826	1,121	251	6,370	3	1,511	337	176	663	183	0	0	0	16,119	8,880	0	20	141	10	16	9	99	68	1,021	35	36	2,093,376	0	2,093,376	
Oceania																																																																																							
Australia	115	4,481	2	114	13,230	29	0	0	27	2,600	0	324	1	0	3	12	320	0	5,657	3,335	2,306	2,476	65	0	17	76	0	285	0	384	0	0	32	38	6	190	340	5,318	295	325	15	0	0	1,409	1,370	195	26	0	0	1	0	0	0	1	0	0	0	843	311	134	596	4	18	32	0	72	17	0	0	0	0	7	0	0	0	0	0	0	0	0	0	0	0	47,454	0	47,454	
Fiji	7	137	1	12	3,097	199	0	0	237	95	0	24	1	0	0	0	0	0	0	2	0	21	0	0	6	6	0	48	2	3	0	0	0	31	0	0	2	29	1	19	2	0	0	1	3	1	0	0	0	1	0	0	0	0	0	0	0	0	1	0	0	0	0	2	0	5	4	0	0	0	0	0	0	0	0	0	0	0	0	0	0	0	0	4,000	0	4,000	
Kiribati	10	59	0	0	108	3	0	0	17	249	0	26	0	0	0	0	0	0	0	0	0	4	0	0	2	6	0	10	0	0	0	0	0	0	0	0	0	16	0	0	0	0	0	0	0	0	0	0	0	0	0	0	0	0	0	0	0	0	0	0	0	0	0	0	0	2	0	0	0	0	0	0	0	0	0	0	0	0	0	0	0	0	0	512	0	512	
Marshall Islands	7	0	0	2	17	1	0	0	17	0	0	0	0	0	0	0	0	0	0	0	0	1	0	0	2	0	0	0	0	0	0	0	0	0	0	0	0	3	0	0	0	0	0	0	0	0	0	0	0	0	0	0	0	0	0	0	0	0	0	0	0	0	0	0	0	0	0	0	0	0	0	0	0	0	0	0	0	0	0	0	0	0	0	50	0	50	
Micronesia, Federated States of	4	12	0	0	0	0	0	0	1	0	0	0	0	0	0	0	0	0	0	0	0	0	0	0	1	0	0	1	0	0	0	0	0	0	0	0	0	3	0	0	0	0	0	0	0	0	0	0	0	0	0	0	0	0	0	0	0	0	0	0	0	0	0	0	0	0	0	0	0	0	0	0	0	0	0	0	0	0	0	0	0	0	0	22	0	22	
Nauru	7	23	0	0	49	0	0	0	3	29	0	2	0	0	0	0	0	0	0	0	0	0	0	0	4	5	0	0	0	0	0	0	0	0	0	0	0	5	0	0	0	0	0	0	0	0	0	0	0	0	0	0	0	0	0	0	0	0	0	0	0	0	0	0	0	0	0	0	0	0	0	0	0	0	0	0	0	0	0	0	0	0	0	127	0	127	
New Zealand	34	901	4	60	2,947	25	0	0	13	705	0	683	0	0	0	3	20	0	0	72	0	689	24	0	9	44	0	80	0	130	0	0	96	29	4	47	75	2,018	71	99	3	0	0	339	282	32	5	0	0	1	0	0	0	0	0	0	0	202	59	50	102	2	21	2	0	20	3	0	0	0	0	1	0	0	0	0	0	0	0	0	1	0	0	10,007	0	10,007	
Palau	5	2	0	0	6	0	0	0	0	0	0	0	0	0	0	0	0	0	0	0	0	0	0	0	0	0	0	5	0	0	0	0	0	0	0	0	1	2	0	0	0	0	0	0	0	0	0	0	0	0	0	0	0	0	0	0	0	0	0	0	0	0	0	0	0	0	0	0	0	0	0	0	0	0	0	0	0	0	0	0	0	0	0	21	0	21	
Papua New Guinea	18	96	0	27	461	10	0	0	33	0	0	15	0	0	3	0	0	0	0	0	0	79	3	0	15	26	0	16	0	0	0	0	0	0	0	0	0	29	0	0	0	0	0	0	0	7	2	0	0	0	0	0	0	0	0	0	0	0	0	0	0	0	0	0	0	3	0	0	0	0	0	0	0	0	0	0	0	0	0	0	0	0	0	843	0	843	
Samoa	3	33	0	16	622	34	0	0	34	103	0	23	0	0	0	0	0	0	0	0	0	6	0	0	0	0	0	9	0	0	0	0	0	0	0	0	0	33	0	1	0	0	0	0	0	1	0	0	0	0	0	0	0	0	0	0	0	0	0	0	0	0	0	0	0	8	0	0	0	0	0	0	0	0	0	0	0	0	0	0	0	0	0	926	0	926	
Solomon Islands	6	28	0	2	111	1	0	0	4	0	0	4	0	0	0	0	0	0	0	0	0	1	0	0	0	9	0	1	0	0	0	0	0	0	0	0	0	8	0	0	0	0	0	0	0	0	0	0	0	0	0	0	0	0	0	0	0	0	0	0	0	0	0	0	0	1	0	0	0	0	0	0	0	0	0	0	0	0	0	0	0	0	0	176	0	176	
Tonga	4	71	7	2	1,474	105	0	0	4	6	0	9	0	0	0	0	0	0	0	0	0	13	0	0	8	0	0	2	2	0	0	0	0	0	0	0	0	50	4	7	0	0	0	0	0	0	0	0	0	0	0	0	0	0	0	0	0	0	0	0	0	0	11	0	0	6	0	0	0	0	0	0	0	0	0	0	0	0	0	0	0	0	0	1,785	0	1,785	
Tuvalu	13	28	0	0	11	0	0	0	2	16	0	7	0	0	0	0	0	0	0	0	0	0	0	0	1	0	0	2	0	0	0	0	0	0	0	0	0	3	0	0	0	0	0	0	0	0	0	0	0	0	0	0	0	0	0	0	0	0	0	0	0	0	0	0	0	0	0	0	0	0	0	0	0	0	0	0	0	0	0	0	0	0	0	83	0	83	
Vanuatu	6	36	0	0	64	2	0	0	1	0	0	4	0	0	0	0	0	0	0	0	0	2	0	0	0	6	0	1	0	0	0	0	0	0	0	0	0	6	0	0	0	0	0	0	0	0	0	0	0	0	0	0	0	0	0	0	0	0	0	0	0	0	8	0	0	0	0	0	0	0	0	0	0	0	0	0	0	0	0	0	0	0	0	136	0	136	
																																																																																							
Totals for Oceania	239	5,907	14	235	22,197	409	0	0	393	3,803	0	1,121	2	0	6	15	340	0	5,657	3,409	2,306	3,292	92	0	65	178	0	460	4	517	0	0	128	98	10	237	418	7,523	371	451	20	0	0	1,749	1,655	236	33	0	0	3	0	0	0	1	0	0	0	1,045	371	184	698	6	58	36	0	117	24	0	0	0	0	8	0	0	0	0	0	0	0	0	1	0	0	66,142	0	66,142	
South America																																																																																							
Argentina	38	1,297	2	146	353,555	22	0	0	33	875	0	129	0	0	0	47	566	0	0	5	0	1,489	106	0	31	77	2	420	8	255	0	0	3	34	7	136	110	4,656	217	88	6	0	0	694	822	55	2	0	0	0	0	0	0	0	0	0	0	216	68	77	378	1	172	91	0	38	8	0	0	0	0	9	0	0	0	0	0	0	1	0	0	0	0	366,992	0	366,992	
Bolivia	55	85	1	125	25,108	4	0	0	161	72	0	21	0	0	1	2	4	0	0	0	0	518	9	0	21	54	0	203	13	45	0	0	0	0	0	14	6	367	15	32	8	0	0	28	31	13	0	0	0	0	0	0	0	0	0	0	0	7	4	5	6	0	23	0	0	16	1	0	0	0	0	2	0	0	0	0	0	0	0	1	10	0	0	27,091	0	27,091	
Brazil	224	2,617	12	2,696	520,589	95	0	0	244	3,321	0	1,980	0	0	1	13	286	0	0	16	0	12,178	3,594	0	92	302	0	682	24	1,113	0	0	26	108	36	737	331	11,436	1,478	860	112	0	0	4,390	5,618	229	39	0	0	2	0	0	0	0	0	1	0	1,373	218	517	1,009	0	27	144	109	172	106	0	0	0	0	35	0	0	0	0	0	0	2	4	11	1	0	579,210	0	579,210	
Chile	30	1,307	0	273	2,733	10	0	0	2	832	0	215	0	0	0	25	172	0	0	2	0	1,743	370	0	17	85	1	84	5	137	632	0	22	16	0	568	62	1,697	315	84	10	0	0	176	321	30	0	0	0	0	0	0	0	0	0	0	0	65	8	40	53	0	13	7	0	13	6	0	0	0	0	11	0	0	0	0	0	0	0	0	0	0	0	12,192	0	12,192	
Colombia	126	2,684	7	564	333,433	39	0	0	152	2,054	0	15	0	0	0	96	420	0	0	8	0	4,689	300	0	88	36	1	360	38	524	0	0	1	79	9	197	102	5,856	384	909	292	0	0	496	559	233	2	0	0	0	0	0	0	0	0	0	0	195	127	72	377	0	50	19	2	118	27	0	0	0	0	29	0	1	3	1	0	1	0	1	1	0	0	355,777	0	355,777	
Ecuador	111	498	5	312	168,103	13	0	0	223	245	0	27	0	0	1	1	107	0	0	0	0	1,533	80	0	32	56	0	110	11	128	0	0	4	16	1	37	25	2,289	61	206	52	0	0	84	104	69	5	0	0	0	0	0	0	0	0	0	0	23	2	12	10	0	21	6	0	23	7	0	0	0	0	7	0	0	0	0	0	0	2	7	85	1	2	174,757	0	174,757	
Guyana	11	63	0	10	24,695	35	0	0	59	254	0	75	0	0	0	0	0	0	0	0	0	118	2	0	6	3	0	24	0	8	0	0	0	0	0	1	10	34	3	59	25	0	0	1	3	14	0	0	0	0	0	0	0	0	0	0	0	3	0	0	9	0	1	0	0	1	3	0	0	0	0	0	0	0	0	0	0	0	0	0	0	0	0	25,530	0	25,530	
Paraguay	24	175	2	180	10,044	0	0	0	25	20	0	99	0	0	0	1	7	0	0	0	0	311	21	0	27	77	1	59	11	22	0	0	0	0	0	7	7	499	20	19	3	0	0	5	16	5	0	0	0	0	0	0	0	0	0	0	0	3	0	2	18	0	0	2	0	2	1	0	0	0	0	1	0	0	0	0	0	0	0	0	0	0	0	11,716	0	11,716	
Peru	98	736	9	1,007	82,485	21	0	0	367	1,846	0	88	0	0	0	0	9	0	0	5	0	1,573	94	0	56	47	0	253	70	203	0	0	942	29	2	62	50	6,654	59	382	88	0	0	146	152	69	0	0	0	0	0	0	0	0	0	0	0	39	5	19	40	0	194	7	7	48	13	0	0	0	0	9	0	2	6	0	0	0	2	1	19	0	0	98,013	0	98,013	
Suriname	33	117	0	0	4,565	5	0	0	1	16	0	108	0	0	0	3	5	0	0	0	0	22	0	0	14	34	0	25	0	5	0	0	0	0	0	1	1	33	2	2	0	0	0	1	1	6	0	0	0	0	0	0	0	0	0	0	0	0	0	0	0	0	0	0	0	1	0	0	0	0	0	0	0	0	0	0	0	0	0	0	0	0	0	5,001	0	5,001	
Uruguay	14	157	0	26	24,806	0	0	0	20	58	0	11	1	0	0	1	13	0	0	0	0	190	12	0	19	10	0	127	2	28	0	0	45	0	0	13	19	222	30	14	2	0	0	47	34	8	0	0	0	0	0	0	0	0	0	0	0	18	3	4	32	0	0	4	0	6	4	0	0	0	0	0	0	0	0	0	0	0	1	0	0	0	0	26,001	0	26,001	
Venezuela	20	20	0	643	47,087	50	0	0	78	486	0	1	0	0	5	2	353	0	0	1	0	2,670	360	0	11	292	0	131	2	345	0	0	0	0	2	178	69	439	106	229	45	1	3	597	801	29	3	0	0	0	0	0	0	0	0	0	0	210	130	192	797	2	27	213	0	58	17	0	0	0	0	15	0	0	0	0	0	0	0	0	0	0	0	56,720	0	56,720	
																																																																																							
Totals for South America	784	9,756	38	5,982	1,597,203	294	0	0	1,365	10,079	0	2,769	1	0	8	191	1,942	0	0	37	0	27,034	4,948	0	414	1,073	5	2,478	184	2,813	632	0	1,043	282	57	1,951	792	34,182	2,690	2,884	643	1	3	6,665	8,462	760	51	0	0	2	0	0	0	0	0	1	0	2,152	565	940	2,729	3	528	493	118	496	193	0	0	0	0	118	0	3	9	1	0	1	8	14	126	2	2	1,739,000	0	1,739,000	
Unknown																																																																																							
No Nationality	0	3	1	10	2,199	10	0	0	2	427	0	0	1	0	0	0	0	0	0	0	0	78	9	0	1	1	0	0	0	2	0	0	0	0	1	3	5	21	1	39	5	0	0	3	0	0	0	0	0	0	0	0	0	0	0	0	0	0	0	0	5	0	0	0	0	9	0	0	0	0	0	0	0	0	0	0	0	0	0	0	0	0	0	2,836	0	2,836	
United Nations Laissez-Passer	0	0	0	0	0	0	0	0	0	0	0	0	0	0	0	0	0	0	0	0	0	0	0	0	0	0	0	146	0	0	0	0	0	0	0	0	0	0	0	0	0	0	0	0	0	0	0	0	0	0	0	0	0	0	0	0	0	0	0	0	0	0	0	0	0	0	0	0	0	0	0	0	0	0	0	0	0	0	0	0	0	0	0	146	0	146	
Totals for Unknown	0	3	1	10	2,199	10	0	0	2	427	0	0	1	0	0	0	0	0	0	0	0	78	9	0	1	1	0	146	0	2	0	0	0	0	1	3	5	21	1	39	5	0	0	3	0	0	0	0	0	0	0	0	0	0	0	0	0	0	0	0	5	0	0	0	0	9	0	0	0	0	0	0	0	0	0	0	0	0	0	0	0	0	0	2,982	0	2,982	
Grand Totals	10,033	98,849	1,031	39,712	6,276,851	42,037	1,030,460	43,455	11,061	293,285	12	8,262	6,198	648	7,202	7,063	43,673	106	5,657	4,169	2,306	393,573	27,435	0	5,131	15,380	292	23,930	583	179,049	1,391	0	161,583	83,600	1,232	136,393	14,126	343,811	39,354	34,797	5,388	15	8	78,178	85,254	9,587	395	0	7	5,797	0	214	21	547	2	9	0	17,011	8,053	4,974	24,932	120	9,745	1,399	1,935	4,942	1,889	0	0	0	16,119	9,612	0	76	339	17	23	18	129	122	1,226	40	40	9,681,913	0	9,681,913	
