Table 21.	
PERSONS NATURALIZED BY REGION AND COUNTRY OF BIRTH: FISCAL YEARS 2008 TO 2017	

Region and country of birth	2008	2009	2010	2011	2012	2013	2014	2015	2016	2017	
REGION	
Total	1046539	743715	619913	694193	757434	779929	653416	730259	753060	707265	
Africa	54418	60383	64022	69738	74775	71872	62175	71492	72338	61851	
Asia	330361	276375	251598	249940	257035	275700	233163	261374	271733	255306	
Europe	108688	90214	78011	82209	82714	80333	71325	78074	74344	65141	
North America	462312	250209	163836	217750	261673	271807	222547	247492	259845	258371	
Oceania	4781	3928	3646	3734	3886	3849	3399	3811	3953	3327	
South America	84845	61666	58474	70485	76992	76167	60665	67927	70821	63063	
Unknown	1134	940	326	337	359	201	142	89	26	206	
COUNTRY	
Total	1046539	743715	619913	694193	757434	779929	653416	730259	753060	707265	
Afghanistan	2650	2588	2230	1998	1758	2074	1853	1589	1444	1414	
Albania	2972	3483	5088	4267	3615	3538	3131	3237	2813	2169	
Algeria	894	1024	808	773	891	841	928	943	1035	949	
American Samoa	178	265	232	205	180	265	187	296	285	216	
Angola	161	95	135	162	166	143	145	132	131	125	
Anguilla	47	29	26	38	30	26	18	31	16	20	
Antigua and Barbuda	661	456	341	386	390	366	358	381	383	311	
Argentina	4170	3153	3140	3870	3909	4177	3683	3886	4015	3486	
Armenia	2195	2021	3168	3965	3285	3203	2488	2874	2516	1994	
Aruba	55	37	27	40	27	42	28	37	28	32	
Australia	1636	1392	1202	1291	1312	1296	1159	1379	1389	1235	
Austria	357	303	277	271	241	248	223	207	221	177	
Azerbaijan	834	1005	1233	1153	958	786	585	568	574	483	
Bahamas	838	569	475	609	647	681	545	570	590	481	
Bahrain	85	91	102	80	93	76	90	79	80	77	
Bangladesh	5345	6644	6979	7325	8417	9571	7475	9750	9949	8629	
Barbados	1203	878	535	648	687	683	550	646	651	645	
Belarus	1767	1583	1523	1814	1896	1797	1437	1710	1518	1313	
Belgium	716	673	523	525	522	513	408	505	514	493	
Belize	1291	854	556	742	817	966	773	851	870	810	
Benin	79	119	127	183	210	206	229	310	317	309	
Bermuda	75	80	65	58	65	59	67	66	61	65	
Bhutan	9	17	50	55	42	275	2639	4562	5563	5557	
Bolivia	2807	1700	1185	1446	2063	1961	1527	1689	1862	1806	
Bosnia and Herzegovina	8176	4544	4012	4259	4904	3662	2509	3304	2257	1780	
Botswana	18	17	24	9	11	29	24	28	29	27	
Brazil	8808	7960	8867	10251	9884	9565	8625	10516	10268	9701	
Brunei	25	14	15	11	17	11	15	13	10	11	
Bulgaria	3213	3211	3123	3103	2964	2646	2226	2336	2086	1887	
Burkina Faso	48	90	112	163	166	230	235	307	322	303	
Burma	1383	1447	2399	2321	2384	3489	4225	6045	6956	6825	
Burundi	76	90	145	168	209	379	415	437	406	266	
Cabo Verde	1265	903	675	974	1037	1014	979	1054	1207	1355	
Cambodia	5869	4673	3756	4589	6189	4161	2866	2878	2756	2184	
Cameroon	967	1098	1519	2172	2459	2541	2120	3170	3088	2416	
Canada	12387	9753	8539	9318	9077	8690	8385	9492	9346	7829	
Cayman Islands	24	22	17	15	29	17	13	30	20	23	
Central African Republic	19	22	27	34	56	54	44	52	80	61	
Chad	22	27	39	50	69	64	74	84	105	78	
Chile	2851	1585	1249	1527	1586	1649	1435	1486	1666	1620	
China, People's Republic	40017	37130	33969	32864	31868	35387	30284	31241	35794	37674	
Colombia	22926	16593	18417	22693	23972	22196	16478	17207	18601	16184	
Congo, Democratic Republic	211	349	744	908	1173	1250	1246	1490	1707	1437	
Congo, Republic	306	308	313	345	381	402	438	473	395	322	
Costa Rica	2376	1517	1114	1511	1597	1661	1461	1633	1862	1720	
Cote d'Ivoire	479	589	549	694	868	958	910	1078	1127	907	
Croatia	1251	718	589	569	725	561	428	563	438	351	
Cuba	39871	24891	14050	21071	31244	30482	24092	25770	32101	25961	
Curacao	X	X	X	-	-	-	11	17	13	16	
Cyprus	160	160	118	115	92	112	112	107	105	84	
Czechia	192	266	367	485	477	562	565	733	692	595	
Czechoslovakia (former)	629	503	372	310	291	232	303	371	344	251	
Denmark	210	156	123	124	133	127	129	243	1193	769	
Djibouti	25	19	17	22	26	39	26	26	52	48	
Dominica	975	672	543	594	597	642	520	653	610	539	
Dominican Republic	35251	20778	15451	20508	33351	39590	23775	26665	31320	29734	
Ecuador	11908	7609	5931	6929	8783	9470	6952	7664	8568	7748	
Egypt	4165	5224	5860	5848	6191	6213	5094	5693	5696	5154	
El Salvador	35796	18927	10343	13834	16685	18401	15598	16930	17213	16941	
Equatorial Guinea	9	D	12	9	19	14	12	14	18	8	
Eritrea	694	760	991	985	1059	1145	1045	1494	1797	1424	
Estonia	221	209	185	217	234	213	183	208	183	157	
Ethiopia	7160	8698	8903	8519	8803	8323	7002	8312	8725	7370	
Fiji	1508	998	1140	1118	1134	1003	770	850	996	841	
Finland	549	385	286	344	329	300	274	301	303	279	
France	2835	2529	2263	2527	2358	2534	2589	2784	2841	2812	
French Polynesia	15	12	12	14	15	8	20	14	18	14	
Gabon	24	35	43	53	80	72	63	89	83	67	
Gambia	330	419	444	505	556	573	510	685	724	586	
Georgia	627	864	1107	1253	1271	1205	898	1027	988	889	
Germany	4708	4564	4001	4461	4192	4066	4375	4380	4329	3879	
Ghana	4557	4819	4211	4690	5344	5105	5108	6033	6411	5777	
Greece	1314	1067	800	844	867	938	780	867	1013	945	
Grenada	850	683	446	528	683	717	544	664	658	629	
Guatemala	17087	8619	5375	7285	8797	9530	8549	9344	9764	9131	
Guinea	225	304	418	575	787	958	908	999	1077	957	
Guinea-Bissau	14	17	17	29	30	24	27	29	20	25	
Guyana	8290	6840	4932	5413	6201	6295	4327	5162	5284	4527	
Haiti	21229	13290	12291	14191	19114	23480	13676	14053	15276	12794	
Honduras	8794	4858	3056	3980	5294	5462	4433	5039	5819	5310	
Hong Kong	4940	3329	2198	2184	1980	2093	1801	1716	1662	1623	
Hungary	1089	1142	916	953	1014	984	891	941	934	729	
Iceland	83	75	51	76	97	75	70	88	88	83	
India	65971	52889	61142	45985	42928	49897	37854	42213	46188	50802	
Indonesia	1823	1794	2765	2345	2123	2190	1568	1743	1641	1566	
Iran	11813	12069	9337	9286	9627	11623	9620	10344	9507	8324	
Iraq	5057	4197	3489	3360	3523	7771	12377	14899	12130	7875	
Ireland	2179	1296	1178	1171	1239	1295	1413	1375	1383	1405	
Israel	2933	3410	3205	3153	2859	3466	3015	3182	3071	2466	
Italy	2991	2552	2064	2231	2234	2355	2313	2760	2692	2501	
Jamaica	21324	15098	12070	14591	15531	16442	13547	16566	16772	15087	
Japan	2712	2192	1622	1744	1663	1837	1635	1858	1758	1713	
Jordan	2632	2891	2436	2345	2436	2816	2427	2461	2552	2239	
Kazakhstan	908	917	763	891	1040	909	789	819	760	729	
Kenya	2218	2546	3043	3621	4170	4257	3885	4738	4834	4348	
Korea, North	NA	28	13	13	19	27	24	23	16	15	
Korea, South 1	22759	17576	11170	12664	13790	15786	13587	14230	14347	14643	
Kosovo	89	397	590	465	510	487	392	547	530	410	
Kuwait	1031	1152	919	869	820	920	791	819	790	677	
Kyrgyzstan	361	338	380	440	420	395	305	418	408	412	
Laos	5553	3081	2743	5452	7027	3932	2564	2042	1999	1726	
Latvia	455	404	342	401	392	364	366	392	356	306	
Lebanon	3399	3787	3266	3127	2914	3002	2528	2463	2284	2081	
Lesotho	6	D	7	11	7	10	8	11	9	8	
Liberia	2468	2767	3360	3794	4322	3923	3035	3042	3022	2421	
Libya	198	249	173	180	195	206	228	193	210	207	
Lithuania	969	786	843	973	938	933	744	752	626	584	
Luxembourg	17	22	18	18	23	16	34	20	18	14	
Macau	181	158	94	86	106	97	102	109	101	70	
Macedonia	756	741	682	578	635	665	625	611	704	582	
Madagascar	43	49	55	44	37	50	50	65	75	61	
Malawi	64	58	80	86	85	83	76	91	95	84	
Malaysia	1705	1178	1211	1137	1150	1169	1052	1113	1189	1170	
Mali	124	149	200	274	288	332	352	405	456	391	
Malta	71	72	46	54	44	59	40	50	43	47	
Marshall Islands	12	29	21	32	21	17	20	22	27	16	
Mauritania	122	175	281	405	495	520	376	355	323	288	
Mauritius	70	89	79	64	57	67	69	60	63	65	
Mexico	231815	111630	67062	94783	102181	99385	94889	105958	103550	118559	
Micronesia, Federated States	62	125	84	74	73	96	62	85	67	53	
Moldova	1328	1239	1235	1398	1602	1594	1279	1681	1689	1442	
Mongolia	129	137	157	242	286	347	335	324	437	416	
Montenegro	32	140	167	205	227	231	202	209	222	187	
Montserrat	87	59	57	63	51	65	47	43	45	45	
Morocco	3383	4556	3710	3656	3872	3768	3538	3805	3684	2943	
Mozambique	73	47	41	49	48	51	34	43	51	38	
Namibia	38	27	38	29	42	40	31	42	33	27	
Nepal	953	1632	2185	2235	2448	2711	2888	4225	5004	4509	
Netherlands	1219	889	691	778	919	786	665	778	829	699	
Netherlands Antilles (former)	43	40	56	60	76	82	43	35	45	42	
New Zealand	649	562	495	480	563	482	453	514	565	468	
Nicaragua	17954	7445	4047	5092	5870	5064	3775	3951	4663	4181	
Niger	73	67	89	124	143	167	161	180	140	126	
Nigeria	8597	9298	9126	9344	9322	9545	8667	10363	9520	7652	
Norway	153	128	91	90	87	80	92	80	93	60	
Oman	33	32	30	37	48	39	41	47	58	30	
Pakistan	11813	12528	11601	10655	11150	12948	11210	11912	11729	10166	
Palau	62	54	71	68	72	64	50	44	43	32	
Panama	2870	1694	1215	1340	1532	1598	1277	1412	1458	1266	
Papua New Guinea	14	18	16	17	16	20	7	21	19	13	
Paraguay	386	310	212	289	338	331	256	338	396	343	
Peru	15016	10349	8551	10266	11814	11782	9572	10701	11319	10014	
Philippines	58792	38934	35465	42520	44958	43489	34591	40815	41285	36828	
Poland	14237	10604	8038	8844	8715	8697	8304	7886	7198	5840	
Portugal	3988	2143	1266	1426	1607	1585	1587	1690	1665	1807	
Qatar	85	106	115	101	101	107	69	75	98	95	
Romania	4515	4388	4385	4314	4253	4050	3267	3478	3379	2986	
Russia	10778	9490	7566	8257	8154	8222	6824	6552	6067	5534	
Rwanda	101	161	278	265	285	374	302	300	369	267	
Saint Kitts and Nevis	529	389	305	306	319	315	270	360	345	317	
Saint Lucia	779	583	554	600	724	856	635	775	791	697	
Saint Vincent and the Grenadines	623	513	375	416	511	574	405	467	500	507	
Samoa	204	185	154	172	178	206	181	213	192	164	
Saudi Arabia	615	768	739	814	779	927	795	796	869	872	
Senegal	566	640	633	752	790	869	806	974	969	882	
Serbia	3	15	27	85	109	117	276	522	532	476	
Serbia and Montenegro (former)	3582	2597	2653	2185	2012	1830	1338	1297	1164	820	
Seychelles	26	19	12	19	8	15	9	7	17	5	
Sierra Leone	2018	1868	1878	1831	1861	1613	1406	1692	1662	1328	
Singapore	433	403	336	311	293	263	258	285	308	279	
Sint Maarten	X	X	X	-	-	-	7	17	33	21	
Slovakia	498	488	485	421	401	413	317	443	428	384	
Slovenia	80	64	64	57	64	58	52	61	63	52	
Somalia	3816	3818	5728	7971	9286	6875	4097	3691	3998	3774	
South Africa	2980	2436	2550	2566	2294	2283	2083	2538	2197	1901	
South Sudan	X	X	X	-	81	139	132	131	101	74	
Soviet Union (former)	3538	4263	2954	2812	2610	2807	2334	2372	2268	2123	
Spain	1958	1420	1115	1253	1242	1367	1326	1414	1515	1469	
Sri Lanka	1377	1367	1421	1334	1146	1258	1104	1246	1497	1364	
Sudan	2893	2855	2885	2444	2291	1924	1482	1740	1776	1348	
Suriname	202	198	161	194	189	160	127	183	164	143	
Swaziland	8	21	8	15	10	15	7	12	8	16	
Sweden	1207	940	774	872	798	783	724	885	795	708	
Switzerland	658	529	484	427	427	452	388	411	375	333	
Syria	2105	2484	2029	1981	1814	2196	1832	2004	2043	1789	
Taiwan	8711	7606	5621	5065	4573	5255	4326	4420	4043	4151	
Tajikistan	168	156	178	155	142	168	146	156	212	222	
Tanzania	464	567	466	516	543	647	525	553	639	547	
Thailand	6930	4962	4112	5299	6585	5544	4805	5213	5211	4672	
Togo	673	1132	1253	1523	1448	1380	1141	1171	1099	907	
Tonga	421	269	208	251	306	371	473	352	337	262	
Trinidad and Tobago	7305	5726	4740	5014	5596	5784	4147	4869	4867	4504	
Tunisia	390	479	407	377	345	362	310	314	352	344	
Turkey	2771	3219	3213	3100	3329	3390	2925	3150	3201	3108	
Turkmenistan	99	91	138	146	136	160	110	153	102	109	
Turks and Caicos Islands	33	21	20	36	49	47	26	33	31	26	
Uganda	541	489	637	838	820	763	724	817	823	742	
Ukraine	10992	9123	7345	8489	9459	8624	6984	8926	8374	6644	
United Arab Emirates	328	383	404	425	431	499	435	443	473	475	
United Kingdom	12095	10060	8401	9246	9145	9459	8906	10095	9562	9049	
United States	67	51	45	45	60	55	31	75	95	84	
Uruguay	924	634	585	751	849	933	812	902	1044	1028	
Uzbekistan	1377	1513	1472	2463	3071	2482	1725	1660	1685	1498	
Venezuela	6557	4735	5243	6856	7404	7648	6871	8192	7633	6463	
Vietnam	39584	31168	19313	20922	23490	24277	18837	21976	24848	19323	
Virgin Islands, British	67	43	36	48	41	45	49	59	46	42	
Yemen	1080	1243	1186	1320	1452	1355	1160	1284	1490	1445	
Zambia	290	289	317	337	338	352	318	370	404	401	
Zimbabwe	413	489	546	715	691	658	734	852	843	675	
All other countries 2	59	48	37	45	40	41	41	41	42	38	
Unknown	1134	940	326	337	359	201	142	89	26	206	
NA Not available.	
X Not applicable.	
D Data withheld to limit disclosure.	
- Represents zero.	
1 Data for South Korea prior to Fiscal Year 2009 include a small number of cases from North Korea.	
2 Includes countries with less than 10 naturalizations per year.	
Note: Based on N-400 data for persons aged 18 and over.	
Source: U.S. Department of Homeland Security.	
