Table 3.	
PERSONS OBTAINING LAWFUL PERMANENT RESIDENT STATUS BY REGION AND COUNTRY OF BIRTH: FISCAL YEARS 2008 TO 2017	

Region and country of birth	2008	2009	2010	2011	2012	2013	2014	2015	2016	2017	
REGION	
Total	1107126	1130818	1042625	1062040	1031631	990553	1016518	1051031	1183505	1127167	
Africa	105915	127046	101355	100374	107241	98304	98413	101415	113426	118824	
Asia	399027	413312	422063	451593	429599	400548	430508	419297	462299	424743	
Europe	103782	105476	88801	83850	81671	86556	83266	85803	93567	84335	
North America	393196	375180	336553	333902	327771	315660	324354	366126	427293	413650	
Oceania	5263	5578	5345	4980	4742	5277	5112	5404	5588	5071	
South America	98549	102860	87178	86096	79401	80945	73715	72309	79608	79076	
Unknown	1394	1366	1330	1245	1206	3263	1150	677	1724	1468	
COUNTRY	
Total	1107126	1130818	1042625	1062040	1031631	990553	1016518	1051031	1183505	1127167	
Afghanistan	2813	3165	2017	1648	1617	2196	10527	8328	12513	19538	
Albania	5754	5137	4711	3612	3364	3186	3828	4653	5773	5722	
Algeria	1037	1485	1305	1364	1369	1241	1669	1775	2180	2139	
American Samoa	14	19	14	D	-	D	-	-	-	D	
Angola	221	173	148	148	187	143	148	154	198	209	
Anguilla	22	21	19	25	23	22	20	22	20	23	
Antigua and Barbuda	444	437	359	368	337	344	369	290	324	322	
Argentina	5353	5780	4399	4473	4359	4372	3874	3730	4091	3482	
Armenia	3586	3442	2979	2983	2681	2722	2913	2962	3543	3437	
Aruba	36	38	49	39	54	45	40	38	23	47	
Australia	2464	2622	2512	2343	2414	2759	2809	3034	3239	2906	
Austria	443	512	442	424	407	415	438	474	432	387	
Azerbaijan	1071	834	781	728	663	637	672	676	784	881	
Bahamas	682	751	652	668	619	630	654	725	656	725	
Bahrain	96	120	104	119	104	115	122	145	138	130	
Bangladesh	11753	16651	14819	16707	14705	12099	14645	13570	18723	14693	
Barbados	585	603	465	455	460	428	384	376	371	373	
Belarus	2390	2407	2038	1964	1659	1970	2015	1994	2127	1919	
Belgium	642	686	592	567	574	675	632	662	691	625	
Belize	1077	1041	965	905	847	946	789	772	851	746	
Benin	317	401	486	462	415	342	517	466	577	648	
Bermuda	92	108	72	71	85	88	106	112	99	68	
Bhutan	42	594	6109	10137	10198	8954	7298	6325	4217	2940	
Bolivia	2436	2837	2253	2173	1948	2071	1719	1626	1595	1510	
Bosnia and Herzegovina	1491	1501	946	878	815	697	693	859	971	846	
Botswana	41	55	66	76	80	53	58	61	78	112	
Brazil	12195	14701	12258	11763	11441	11033	10429	11424	13812	14989	
Brunei	18	26	20	25	19	21	25	21	31	24	
Bulgaria	2960	3133	2570	2661	2440	2844	2981	2688	2670	2184	
Burkina Faso	238	416	377	433	558	585	583	575	642	541	
Burma	3403	13621	12925	16518	17383	12565	11144	12808	13065	12897	
Burundi	255	1505	841	593	535	260	273	351	415	1094	
Cabo Verde	1916	2238	1668	1808	1684	1673	1154	1253	2242	2618	
Cambodia	3713	3771	2986	2745	2473	2624	2536	1868	3173	4056	
Cameroon	3771	3463	4161	4754	3815	3908	3943	4374	4899	4668	
Canada	15109	16140	13328	12800	12932	13181	11586	12673	12793	11484	
Cayman Islands	37	45	52	41	44	44	48	53	55	67	
Central African Republic	88	107	101	134	116	213	155	234	202	178	
Chad	96	102	120	171	155	111	119	175	136	205	
Chile	2017	2250	1950	1853	1673	1736	1581	1596	1698	1625	
China, People's Republic	80271	64238	70863	87016	81784	71798	76089	74558	81772	71565	
Colombia	30213	27849	22406	22635	20931	21131	18175	17316	18610	17956	
Comoros	D	3	4	8	10	D	9	5	4	4	
Congo, Democratic Republic	1261	2122	1764	2424	3731	2792	4347	5345	6791	8709	
Congo, Republic	950	1563	968	1371	1461	1059	552	496	625	632	
Costa Rica	2090	2384	2164	2135	2020	2114	1966	2029	2224	2184	
Cote d'Ivoire	1645	2159	1621	1302	1760	1486	1477	1497	1617	1810	
Croatia	455	496	357	349	336	353	297	348	388	375	
Cuba	49500	38954	33573	36452	32820	32219	46679	54396	66516	65028	
Curacao	X	X	X	-	-	-	27	22	35	34	
Cyprus	141	142	122	101	107	126	129	113	131	117	
Czechia	227	146	190	303	677	676	606	637	650	582	
Czechoslovakia (former)	862	865	750	466	159	74	74	58	62	52	
Denmark	498	603	518	459	459	506	514	609	521	461	
Djibouti	39	54	37	56	106	90	190	370	281	222	
Dominica	454	484	366	287	125	244	345	229	298	510	
Dominican Republic	31879	49414	53870	46109	41566	41311	44577	50610	61161	58520	
Ecuador	11663	12128	11492	11103	9342	10591	10960	10187	10757	10594	
Egypt	8712	8844	8978	7778	8988	10294	11477	12085	12045	9834	
El Salvador	19659	19909	18806	18667	16256	18260	19273	19487	23449	25109	
Equatorial Guinea	16	32	12	13	20	18	15	25	18	20	
Eritrea	1270	1928	1656	2102	2643	2138	2002	2220	2267	2449	
Estonia	287	282	260	191	227	211	220	189	211	176	
Ethiopia	12917	15462	14266	13793	14544	13097	12300	11394	13232	14637	
Fiji	1176	1194	1201	1041	853	895	802	875	866	805	
Finland	302	423	397	363	348	331	350	407	489	439	
France	4935	4569	3919	3653	3862	4425	4284	4693	5159	4782	
French Polynesia	26	30	16	21	30	-	24	14	27	20	
Gabon	82	171	138	204	197	127	167	146	165	150	
Gambia	739	978	859	972	1159	1018	1111	1142	1247	1134	
Georgia	1620	1578	1518	1490	1341	1368	1240	1410	1635	1629	
Germany	7091	7583	6888	6125	5812	6032	5584	5436	5306	4662	
Ghana	8195	8401	7429	8798	10592	10265	7115	6186	6949	8455	
Greece	769	798	745	949	1054	1361	1235	1211	1451	1314	
Grenada	784	748	664	579	671	687	633	525	585	544	
Guatemala	16182	12187	10467	11092	10341	10224	10238	11773	13002	13198	
Guinea	1735	1725	1379	1555	1656	1518	1375	1389	1501	1348	
Guinea-Bissau	17	20	30	29	47	43	30	39	37	48	
Guyana	6823	6670	6749	6599	5683	5897	6267	5543	5771	5468	
Haiti	26007	24280	22582	22111	22818	20351	15274	16967	23584	21824	
Honduras	6540	6404	6448	6133	6884	8898	8156	9274	13302	11387	
Hong Kong	3373	2651	2432	2306	2104	2226	2278	2085	2510	2415	
Hungary	1127	1314	1022	1044	1054	1052	996	1095	1048	972	
Iceland	122	131	105	90	103	139	86	104	97	86	
India	63352	57304	69162	69013	66434	68458	77908	64116	64687	60394	
Indonesia	3606	3679	3032	2856	2603	2731	2139	2084	2129	1914	
Iran	13852	18553	14182	14822	12916	12863	11615	13114	13298	13791	
Iraq	4795	12110	19855	21133	20369	9552	19153	21107	18904	14203	
Ireland	1465	1637	1507	1371	1514	1626	1605	1607	1759	1485	
Israel	5851	5612	4515	3826	4153	3996	3805	3965	4142	3802	
Italy	2514	2892	2579	2443	2673	2960	3298	3544	4078	3655	
Jamaica	18477	21783	19825	19662	20705	19400	19026	17642	23350	21905	
Japan	6821	7690	6264	6161	6061	5925	5545	5395	5207	4635	
Jordan	3936	4282	3868	3876	4099	4188	5187	4664	5269	5264	
Kazakhstan	1630	1562	1282	1235	1202	1241	1221	1201	1310	1377	
Kenya	6998	9880	7421	7762	7043	6123	5884	5602	6274	6957	
Kiribati	4	10	6	D	6	D	6	4	9	D	
Korea, North	NA	67	35	36	49	48	142	55	47	32	
Korea, South 1	26666	25859	22227	22824	20846	23166	20423	17138	21801	19194	
Kosovo	-	-	355	670	782	839	758	814	1020	1014	
Kuwait	1104	1124	1037	973	1044	937	1057	1055	1186	1177	
Kyrgyzstan	632	574	507	542	648	652	707	790	847	715	
Laos	2198	1688	1200	956	949	923	806	917	856	685	
Latvia	455	444	435	426	436	424	384	480	391	359	
Lebanon	4254	3831	3487	3295	2879	2783	3245	2813	2971	2818	
Lesotho	16	14	23	25	17	20	13	23	19	24	
Liberia	7193	7641	4837	4151	4109	3334	3874	3795	3619	4155	
Libya	285	296	355	357	315	376	524	734	642	780	
Lithuania	967	1069	985	936	924	854	747	750	735	645	
Luxembourg	28	30	22	24	19	40	26	27	34	33	
Macau	205	158	143	130	120	106	105	99	109	109	
Macedonia	1107	1128	963	1078	906	895	960	1060	1262	1027	
Madagascar	77	71	80	83	79	95	86	72	88	60	
Malawi	133	164	164	123	192	159	172	160	205	228	
Malaysia	1945	2014	1714	2273	2605	2477	2622	2749	3382	4109	
Maldives	D	6	5	3	3	5	13	8	11	5	
Mali	523	576	528	629	734	667	604	587	598	544	
Malta	66	58	74	51	62	43	39	58	65	75	
Marshall Islands	39	48	37	38	50	46	56	32	32	23	
Mauritania	844	597	495	393	410	354	320	298	317	287	
Mauritius	83	110	84	101	77	83	81	96	110	96	
Mexico	189989	164920	139120	143446	146406	135028	134052	158619	174534	170581	
Micronesia, Federated States	13	16	10	9	13	4	5	6	11	6	
Moldova	1692	2295	1981	2258	2021	2485	2341	2496	2929	2480	
Monaco	7	4	12	6	5	8	8	10	11	14	
Mongolia	659	831	594	774	691	729	651	644	750	661	
Montenegro	-	-	120	204	265	265	289	251	387	323	
Montserrat	61	43	27	30	27	-	38	14	14	12	
Morocco	4425	5447	5013	4399	3656	3336	3605	3710	4586	4229	
Mozambique	69	66	53	60	94	73	71	107	101	96	
Namibia	46	53	60	43	59	57	44	86	87	130	
Nepal	4093	4514	7115	10166	11312	13046	12357	12926	12851	11610	
Netherlands	1240	1499	1321	1085	1091	1142	1195	1309	1319	1056	
Netherlands Antilles (former)	78	97	77	86	106	128	45	22	18	9	
New Caledonia	5	13	6	5	3	6	6	9	5	4	
New Zealand	893	947	919	803	814	921	796	855	846	798	
Nicaragua	3614	4137	3565	3401	3046	3048	2886	3324	3486	3072	
Niger	107	183	96	96	48	37	71	55	119	116	
Nigeria	12475	15253	13376	11824	13575	13840	12828	11542	14380	13539	
Norway	350	407	334	339	276	335	271	310	362	290	
Oman	70	74	63	60	74	73	90	85	116	104	
Pakistan	19719	21555	18258	15546	14740	13251	18612	18057	19313	17408	
Palau	6	16	18	7	10	16	12	15	14	13	
Panama	1678	1806	1536	1374	1281	1234	1095	1052	1029	889	
Papua New Guinea	15	19	30	20	21	27	18	11	23	18	
Paraguay	481	530	467	500	467	448	391	382	434	391	
Peru	15184	16957	14247	14064	12609	12564	10606	10148	10940	10115	
Philippines	54030	60029	58173	57011	57327	54446	49996	56478	53287	49147	
Poland	8354	8754	7643	6863	6300	6430	5689	5275	5603	4845	
Portugal	772	946	755	821	811	918	892	857	1006	939	
Qatar	151	134	148	193	141	191	202	229	272	224	
Romania	4930	4910	4003	3882	3748	3773	3246	3376	3554	2953	
Russia	11695	8238	6718	7944	9969	9753	9079	8799	9297	8918	
Rwanda	378	952	489	520	592	540	555	732	1357	1394	
Saint Kitts and Nevis	363	310	339	350	311	259	263	222	250	238	
Saint Lucia	946	1027	872	785	919	853	844	739	777	777	
Saint Vincent and the Grenadines	568	591	576	468	503	529	448	415	422	361	
Samoa	227	250	219	267	238	237	239	207	219	194	
Sao Tome and Principe	7	11	10	9	12	6	5	6	12	10	
Saudi Arabia	1194	1418	1263	1396	1343	1463	1696	1744	2117	2135	
Senegal	1149	1524	1285	1424	1615	1340	1273	1244	1533	1470	
Serbia	-	-	20	244	704	866	1143	1278	1351	1410	
Serbia and Montenegro (former)	3255	3166	2196	1398	801	653	267	232	202	144	
Seychelles	16	10	8	15	7	6	7	11	16	10	
Sierra Leone	2795	2687	2011	1985	1688	1651	1740	1599	1535	2058	
Singapore	922	832	774	690	712	835	779	781	812	818	
Sint Maarten	X	X	X	-	-	-	45	45	42	35	
Slovakia	653	706	538	594	528	507	460	424	483	388	
Slovenia	79	108	74	69	86	62	78	107	119	108	
Somalia	10745	13390	4558	4451	5204	3764	5190	6796	6958	7404	
South Africa	2723	3171	2758	2649	2781	2629	2676	2907	3023	2912	
South Sudan	X	X	X	-	17	59	74	127	124	160	
Soviet Union (former)	5270	5911	4978	3687	1296	1264	1136	1022	1042	939	
Spain	1621	1769	1684	1890	1842	2480	2928	3303	3519	3045	
Sri Lanka	1935	2009	2036	2053	1994	1847	1767	1763	1913	1627	
Sudan	3598	3577	2397	2628	2471	1945	2442	3580	3159	3515	
Suriname	218	227	216	196	187	178	158	134	156	136	
Swaziland	18	42	22	19	24	15	23	19	20	19	
Sweden	1019	1138	1097	979	968	1106	954	1066	1144	950	
Switzerland	720	798	675	615	635	697	656	640	743	565	
Syria	2641	2442	2555	2785	3014	3366	3540	3840	4800	5877	
Taiwan	9073	8038	6732	6154	5331	5385	4697	4888	5120	4858	
Tajikistan	231	265	299	382	411	550	516	595	593	652	
Tanzania	838	2773	1850	1427	1516	837	774	799	788	1415	
Thailand	6637	10444	9384	9962	9459	7583	6197	7502	7039	6311	
Togo	1661	1680	1563	1506	1756	1257	1612	1547	1938	1572	
Tonga	365	379	343	408	276	348	320	327	283	262	
Trinidad and Tobago	5937	6256	5435	5023	5214	4724	3988	3212	3469	3100	
Tunisia	410	416	418	440	422	445	429	518	518	535	
Turkey	4210	4958	4483	4403	4162	4144	3834	4201	4469	4844	
Turkmenistan	274	290	224	260	223	210	254	226	235	251	
Turks and Caicos Islands	35	31	29	33	30	50	40	38	39	35	
Uganda	1174	1364	1085	1239	1340	1350	1409	1664	1649	1898	
Ukraine	10813	11223	8477	8292	7642	8193	7752	7987	10422	10135	
United Arab Emirates	693	697	779	707	854	910	1039	1193	1370	1314	
United Kingdom	14348	15748	12792	11572	12014	12984	12225	12592	12673	10948	
United States	216	181	201	269	279	319	358	370	468	409	
Uruguay	1451	1775	1331	1553	1374	1352	1128	1078	972	1001	
Uzbekistan	6375	5467	4770	5056	4726	4382	5194	3977	4359	4095	
Venezuela	10514	11154	9409	9183	9387	9572	8427	9144	10772	11809	
Vietnam	31497	29234	30632	34157	28304	27101	30283	30832	41451	38231	
Virgin Islands, British	53	46	46	37	39	45	56	38	40	25	
Yemen	1872	3134	3591	3361	2620	3532	3492	3194	13040	6029	
Zambia	613	704	628	652	643	505	441	460	487	537	
Zimbabwe	953	983	1274	1016	914	924	797	779	815	810	
All other countries 2	30	38	32	27	25	30	36	35	34	37	
Unknown	1394	1366	1330	1245	1206	3263	1150	677	1724	1468	
NA Not available.	
X Not applicable.	
D Data withheld to limit disclosure.	
- Represents zero.	
1 Data for South Korea prior to Fiscal Year 2009 include a small number of cases from North Korea.	
2 Includes countries with fewer than 10 lawful permanent residents per year.	
Source: U.S. Department of Homeland Security.	
