Table 5.	
PERSONS OBTAINING LAWFUL PERMANENT RESIDENT STATUS BY CORE BASED STATISTICAL AREA (CBSA) OF RESIDENCE: FISCAL YEARS 2008 TO 2017	
(Ranked by 2017 LPR flow)	

Geographic area	2008	2009	2010	2011	2012	2013	2014	2015	2016	2017	
Total	1107126	1130818	1042625	1062040	1031631	990553	1016518	1051031	1183505	1127167	
New York-Newark-Jersey City, NY-NJ-PA	181765	191536	187680	185274	180591	168731	174723	162168	195593	174421	
Los Angeles-Long Beach-Anaheim, CA	96489	97537	87442	86160	81508	79892	80527	82979	88743	82470	
Miami-Fort Lauderdale-West Palm Beach, FL	87787	83932	69419	71773	66152	66634	72038	77647	88651	80133	
Washington-Arlington-Alexandria, DC-VA-MD-WV	42936	42629	41399	39411	38576	39232	39532	37340	40642	39927	
Houston-The Woodlands-Sugar Land, TX	30500	32006	30833	31129	31728	31949	33856	34591	37777	38686	
Chicago-Naperville-Elgin, IL-IN-WI	39821	38837	35109	35039	34898	32819	33038	36658	39749	36832	
San Francisco-Oakland-Hayward, CA	36113	32302	31760	32433	29583	30600	32904	34152	36476	35420	
Dallas-Fort Worth-Arlington, TX	26536	29111	26071	28170	28081	26810	28780	29660	33605	34620	
Boston-Cambridge-Newton, MA-NH	24684	26342	24970	25911	25044	23866	24026	22836	28677	29908	
Atlanta-Sandy Springs-Roswell, GA	22339	23360	20460	22038	21299	20065	19626	20875	23620	21341	
Seattle-Tacoma-Bellevue, WA	17060	20687	16846	17814	17642	17864	17527	19007	20582	20814	
Philadelphia-Camden-Wilmington, PA-NJ-DE-MD	18914	18936	18253	18924	17905	18121	17665	18210	19318	19948	
San Jose-Sunnyvale-Santa Clara, CA	21022	18677	18619	18554	16937	17292	18590	19866	19790	19880	
San Diego-Carlsbad, CA	20487	20776	19764	21550	18893	16567	17670	18524	18690	18106	
Riverside-San Bernardino-Ontario, CA	17790	17007	14925	14884	14547	14027	13362	15912	16559	15987	
Phoenix-Mesa-Scottsdale, AZ	13525	13700	12239	14012	12804	11024	11956	12364	14485	13556	
Tampa-Saint Petersburg-Clearwater, FL	10089	10296	8818	8996	8700	8360	9647	11040	11792	13420	
Minneapolis-Saint Paul-Bloomington, MN-WI	13439	15001	10472	10195	10698	10504	11202	11655	12233	12680	
Sacramento--Roseville--Arden-Arcade, CA	9440	9366	8050	8486	7978	7516	8724	8940	11306	12533	
Orlando-Kissimmee-Sanford, FL	13956	11408	10676	10204	10229	10200	10217	10730	13273	12379	
Detroit-Warren-Dearborn, MI	11801	12856	12682	12198	11597	11131	12814	12302	15864	12310	
Las Vegas-Henderson-Paradise, NV	9507	10307	9004	8719	8785	8381	8652	9394	9832	11052	
Denver-Aurora-Lakewood, CO	8408	8468	8215	9189	8967	7498	7375	8549	9738	9798	
Baltimore-Columbia-Towson, MD	8217	8266	8212	8229	8611	8598	8437	7550	8599	8390	
Austin-Round Rock, TX	5796	5693	5431	6067	5894	6015	6134	6812	8336	7908	
Portland-Vancouver-Hillsboro, OR-WA	7604	7841	6727	6466	6349	5933	6228	7225	8443	7741	
Charlotte-Concord-Gastonia, NC-SC	4600	5326	4634	5462	5867	5462	5421	5790	6693	6811	
Columbus, OH	5409	6021	4467	4964	5139	4875	5287	5860	6443	6463	
San Antonio-New Braunfels, TX	4865	4916	4738	5420	5709	5081	5404	5721	6462	6274	
Indianapolis-Carmel-Anderson, IN	3441	4197	3650	3967	4380	3989	4251	4360	5241	5617	
Providence-Warwick, RI-MA	4689	5187	4912	4675	4787	4263	4193	4538	5363	5382	
Nashville-Davidson--Murfreesboro--Franklin, TN	3940	4578	3984	4215	4359	4358	4584	4735	5218	5205	
Raleigh, NC	3432	4072	3909	3793	3746	3798	4028	4199	4625	4924	
Kansas City, MO-KS	3757	4074	4283	4097	3829	3688	3654	4116	4473	4600	
Louisville/Jefferson County, KY-IN	2967	2968	2718	2653	2634	2601	3209	3057	4126	4408	
Bridgeport-Stamford-Norwalk, CT	4660	5333	4587	4651	4640	4468	4413	4260	4810	4400	
El Paso, TX	4767	4610	4670	5667	5461	5284	4403	4814	5082	4397	
Jacksonville, FL	3475	3659	3503	3453	3365	3170	3266	3296	4306	4082	
Urban Honolulu, HI	5022	4999	5169	5550	5020	4656	4358	4731	4735	4081	
Salt Lake City, UT	3571	4157	3803	4298	3702	3328	3967	4503	4493	4065	
Cincinnati, OH-KY-IN	2866	2971	2798	2841	2687	2757	2999	3169	4001	3845	
Hartford-West Hartford-East Hartford, CT	3754	4216	3869	4090	4059	3373	3439	3446	3925	3834	
Saint Louis, MO-IL	3784	3784	3547	3547	3403	3173	3279	3205	3068	3760	
Worcester, MA-CT	3050	3301	3396	3453	3300	2945	2982	3010	3575	3624	
Stockton-Lodi, CA	3510	3250	3019	2901	2935	2599	2983	3151	3600	3476	
Fresno, CA	4472	3567	3010	3073	2894	2853	2878	3212	3591	3377	
Milwaukee-Waukesha-West Allis, WI	2949	2893	2569	2885	2767	2686	2685	3079	3183	3176	
Cleveland-Elyria, OH	3084	3081	3111	2883	3111	3076	3074	3124	3315	3091	
Cape Coral-Fort Myers, FL	2650	2565	2250	2170	2075	2004	2164	2758	3223	3016	
San Juan-Carolina-Caguas, PR	2947	3740	3893	2930	2833	2687	2436	3012	3222	2989	
Other CBSAs	205612	212207	195203	203748	201938	191405	188634	204476	227700	216755	
Other metropolitan areas	179247	184589	170903	178751	176931	167688	165784	178638	199408	190255	
Other micropolitan areas	26365	27618	24300	24997	25007	23717	22850	25838	28292	26500	
Non-CBSA	13806	14255	12846	12820	12992	12300	13232	14170	14823	14357	
Unknown	22	14	11	9	3	45	45	253	1836	898	
Note: Metropolitan areas defined based on the 2015 update of Core Based Statistical Areas (CBSAs) definitions. As a result, numbers for previous years may differ from previously published figures. The most current CBSA definitions are available from the U.S. Census Bureau at https://www.census.gov/programs-surveys/metro-micro.html.	
Source: U.S. Department of Homeland Security.	
